 Units of measure: Mols m-2 d-1
 Month;Alt;Azi;Altitude;Azimuth; SkySky;SkyTop;FolTop;FolSky;Total ;Sky   ;  Mask;    Total;   Gap Can; Gap Topo;Gap Both;Gap Can; Gap Topo;Gap Both;Canopy  ;Site    ;Id_UOC ; Id_SOC;  Above ;  Above  ; Above ;  Mask  ;  Mask   ; Mask ;   Trans ;  Trans  ; Trans
      ;Bin;Bin;        ;       ; Pixels;Pixels;Pixels;Pixels;Pixels;Area  ;  Area;    Area ;   Diffuse; Diffuse ;Diffuse ;Direct ; Direct  ;Direct  ;Openness;Openness;       ;       ;  Direct;  Diffuse; Total ;  Direct;  Diffuse; Total;   Direct;  Diffuse; Total
 All;  1;  1;  5.0000;  5.0000;  8824;    13;   157; 21209; 30203;0.004796;0.000027;0.004824;0.292587;0.994371;0.292156;1.000000;1.000000;1.000000;0.141131;0.140923;0.000838;0.000422;0.000000;0.013971;0.013971;0.000000;0.013892;0.013892;0.000000;0.004082;0.004082
 All;  1;  2;  5.0000; 15.0000;  1210;     0;   209; 28774; 30193;0.004790;0.000033;0.004824;0.040076;0.993078;0.040076;1.000000;1.000000;1.000000;0.019331;0.019331;0.000838;0.000422;0.000000;0.013971;0.013971;0.000000;0.013874;0.013874;0.000000;0.000560;0.000560
 All;  1;  3;  5.0000; 25.0000;   583;     2;   168; 29439; 30192;0.004796;0.000027;0.004824;0.019376;0.994369;0.019310;1.000000;1.000000;1.000000;0.009346;0.009314;0.000838;0.000422;0.000000;0.013971;0.013971;0.000000;0.013892;0.013892;0.000000;0.000270;0.000270
 All;  1;  4;  5.0000; 35.0000;  4053;    11;   180; 25943; 30187;0.004793;0.000031;0.004824;0.134627;0.993673;0.134263;1.000000;1.000000;1.000000;0.064938;0.064763;0.000838;0.000422;0.000000;0.013971;0.013971;0.000000;0.013883;0.013883;0.000000;0.001876;0.001876
 All;  1;  5;  5.0000; 45.0000; 26341;   129;     4;  3719; 30193;0.004802;0.000021;0.004824;0.876693;0.995595;0.872421;1.000000;1.000000;1.000000;0.422878;0.420817;0.000838;0.000422;0.000000;0.013971;0.013971;0.000000;0.013909;0.013909;0.000000;0.012189;0.012189
 All;  1;  6;  5.0000; 55.0000; 30023;   171;     0;     0; 30194;0.004796;0.000027;0.004824;1.000000;0.994337;0.994337;1.000000;1.000000;1.000000;0.482356;0.479624;0.000838;0.000422;0.000000;0.013971;0.013971;0.000000;0.013892;0.013892;0.000000;0.013892;0.013892
 All;  1;  7;  5.0000; 65.0000; 29969;   224;     0;     0; 30193;0.004788;0.000036;0.004824;1.000000;0.992581;0.992581;1.000000;1.000000;1.000000;0.482356;0.478777;0.000838;0.000422;0.002473;0.013971;0.016443;0.002473;0.013867;0.016340;0.002473;0.013867;0.016340
 All;  1;  8;  5.0000; 75.0000; 29949;   250;     0;     0; 30199;0.004784;0.000040;0.004824;1.000000;0.991722;0.991722;1.000000;1.000000;1.000000;0.482356;0.478363;0.000838;0.000422;0.002555;0.013971;0.016526;0.002555;0.013855;0.016410;0.002555;0.013855;0.016410
 All;  1;  9;  5.0000; 85.0000; 29949;   260;     0;     0; 30209;0.004782;0.000042;0.004824;1.000000;0.991393;0.991393;1.000000;1.000000;1.000000;0.482356;0.478205;0.000838;0.000422;0.001893;0.013971;0.015864;0.001893;0.013851;0.015744;0.001893;0.013851;0.015744
 All;  1; 10;  5.0000; 95.0000; 30033;   170;     0;     0; 30203;0.004796;0.000027;0.004824;1.000000;0.994371;0.994371;1.000000;1.000000;1.000000;0.482356;0.479641;0.000838;0.000422;0.001814;0.013971;0.015785;0.001814;0.013892;0.015706;0.001814;0.013892;0.015706
 All;  1; 11;  5.0000;105.0000; 29984;   209;     0;     0; 30193;0.004790;0.000033;0.004824;1.000000;0.993078;0.993078;1.000000;1.000000;1.000000;0.482356;0.479017;0.000838;0.000422;0.002099;0.013971;0.016070;0.002099;0.013874;0.015974;0.002099;0.013874;0.015974
 All;  1; 12;  5.0000;115.0000; 30022;   170;     0;     0; 30192;0.004796;0.000027;0.004824;1.000000;0.994369;0.994369;1.000000;1.000000;1.000000;0.482356;0.479640;0.000838;0.000422;0.002827;0.013971;0.016798;0.002827;0.013892;0.016719;0.002827;0.013892;0.016719
 All;  1; 13;  5.0000;125.0000; 29709;   191;     0;   287; 30187;0.004793;0.000031;0.004824;0.990493;0.993673;0.984165;1.000000;1.000000;1.000000;0.477770;0.474718;0.000838;0.000422;0.006429;0.013971;0.020400;0.006429;0.013883;0.020312;0.006429;0.013750;0.020179
 All;  1; 14;  5.0000;135.0000;  7306;    12;   121; 22754; 30193;0.004802;0.000021;0.004824;0.242374;0.995595;0.241977;1.000000;1.000000;1.000000;0.116911;0.116719;0.000838;0.000422;0.000643;0.013971;0.014613;0.000643;0.013909;0.014552;0.000643;0.003381;0.004023
 All;  1; 15;  5.0000;145.0000; 14695;     1;   170; 15328; 30194;0.004796;0.000027;0.004824;0.486719;0.994337;0.486686;1.000000;1.000000;1.000000;0.234772;0.234756;0.000838;0.000422;0.000000;0.013971;0.013971;0.000000;0.013892;0.013892;0.000000;0.006799;0.006799
 All;  1; 16;  5.0000;155.0000; 14562;    60;   164; 15407; 30193;0.004788;0.000036;0.004824;0.484284;0.992581;0.482297;1.000000;1.000000;1.000000;0.233598;0.232639;0.000838;0.000422;0.000000;0.013971;0.013971;0.000000;0.013867;0.013867;0.000000;0.006738;0.006738
 All;  1; 17;  5.0000;165.0000;  1386;     6;   244; 28563; 30199;0.004784;0.000040;0.004824;0.046094;0.991722;0.045896;1.000000;1.000000;1.000000;0.022234;0.022138;0.000838;0.000422;0.000000;0.013971;0.013971;0.000000;0.013855;0.013855;0.000000;0.000641;0.000641
 All;  1; 18;  5.0000;175.0000;  5868;     2;   258; 24081; 30209;0.004782;0.000042;0.004824;0.194313;0.991393;0.194247;1.000000;1.000000;1.000000;0.093728;0.093696;0.000838;0.000422;0.000000;0.013971;0.013971;0.000000;0.013851;0.013851;0.000000;0.002714;0.002714
 All;  1; 19;  5.0000;185.0000; 11651;     3;   165; 18384; 30203;0.004797;0.000027;0.004824;0.385856;0.994438;0.385756;1.000000;1.000000;1.000000;0.186120;0.186072;0.000838;0.000422;0.000000;0.013971;0.013971;0.000000;0.013893;0.013893;0.000000;0.005389;0.005389
 All;  1; 20;  5.0000;195.0000; 15034;    50;   158; 14951; 30193;0.004790;0.000033;0.004824;0.499586;0.993111;0.497930;1.000000;1.000000;1.000000;0.240978;0.240180;0.000838;0.000422;0.000000;0.013971;0.013971;0.000000;0.013875;0.013875;0.000000;0.006957;0.006957
 All;  1; 21;  5.0000;205.0000; 29939;   162;     6;    85; 30192;0.004797;0.000027;0.004824;0.996986;0.994436;0.991620;1.000000;1.000000;1.000000;0.480902;0.478314;0.000838;0.000422;0.000000;0.013971;0.013971;0.000000;0.013893;0.013893;0.000000;0.013854;0.013854
 All;  1; 22;  5.0000;215.0000; 29997;   190;     0;     0; 30187;0.004793;0.000030;0.004824;1.000000;0.993706;0.993706;1.000000;1.000000;1.000000;0.482356;0.479320;0.000838;0.000422;0.000000;0.013971;0.013971;0.000000;0.013883;0.013883;0.000000;0.013883;0.013883
 All;  1; 23;  5.0000;225.0000; 30060;   133;     0;     0; 30193;0.004802;0.000021;0.004824;1.000000;0.995595;0.995595;1.000000;1.000000;1.000000;0.482356;0.480231;0.000838;0.000422;0.000566;0.013971;0.014537;0.000566;0.013909;0.014475;0.000566;0.013909;0.014475
 All;  1; 24;  5.0000;235.0000; 30030;   164;     0;     0; 30194;0.004797;0.000026;0.004824;1.000000;0.994568;0.994568;1.000000;1.000000;1.000000;0.482356;0.479736;0.000838;0.000422;0.006501;0.013971;0.020472;0.006501;0.013895;0.020396;0.006501;0.013895;0.020396
 All;  1; 25;  5.0000;245.0000; 29970;   223;     0;     0; 30193;0.004788;0.000036;0.004824;1.000000;0.992614;0.992614;1.000000;1.000000;1.000000;0.482356;0.478793;0.000838;0.000422;0.002838;0.013971;0.016809;0.002838;0.013868;0.016706;0.002838;0.013868;0.016706
 All;  1; 26;  5.0000;255.0000; 29953;   246;     0;     0; 30199;0.004784;0.000039;0.004824;1.000000;0.991854;0.991854;1.000000;1.000000;1.000000;0.482356;0.478427;0.000838;0.000422;0.002115;0.013971;0.016086;0.002115;0.013857;0.015972;0.002115;0.013857;0.015972
 All;  1; 27;  5.0000;265.0000; 29953;   256;     0;     0; 30209;0.004783;0.000041;0.004824;1.000000;0.991526;0.991526;1.000000;1.000000;1.000000;0.482356;0.478268;0.000838;0.000422;0.001860;0.013971;0.015831;0.001860;0.013853;0.015712;0.001860;0.013853;0.015712
 All;  1; 28;  5.0000;275.0000; 30035;   168;     0;     0; 30203;0.004797;0.000027;0.004824;1.000000;0.994438;0.994438;1.000000;1.000000;1.000000;0.482356;0.479673;0.000838;0.000422;0.001901;0.013971;0.015872;0.001901;0.013893;0.015794;0.001901;0.013893;0.015794
 All;  1; 29;  5.0000;285.0000; 28963;   208;     0;  1022; 30193;0.004790;0.000033;0.004824;0.966151;0.993111;0.959262;0.864789;1.000000;0.864789;0.466029;0.462706;0.000838;0.000422;0.002554;0.013971;0.016525;0.002554;0.013875;0.016429;0.002209;0.013402;0.015611
 All;  1; 30;  5.0000;295.0000;  4670;    17;   151; 25354; 30192;0.004797;0.000027;0.004824;0.155240;0.994436;0.154677;0.151808;1.000000;0.151808;0.074881;0.074609;0.000838;0.000422;0.002418;0.013971;0.016389;0.002418;0.013893;0.016311;0.000367;0.002161;0.002528
 All;  1; 31;  5.0000;305.0000;   109;     0;   190; 29888; 30187;0.004793;0.000030;0.004824;0.003611;0.993706;0.003611;0.000000;1.000000;0.000000;0.001742;0.001742;0.000838;0.000422;0.000000;0.013971;0.013971;0.000000;0.013883;0.013883;0.000000;0.000050;0.000050
 All;  1; 32;  5.0000;315.0000;     0;     0;   133; 30060; 30193;0.004802;0.000021;0.004824;0.000000;0.995595;0.000000;1.000000;1.000000;1.000000;0.000000;0.000000;0.000838;0.000422;0.000000;0.013971;0.013971;0.000000;0.013909;0.013909;0.000000;0.000000;0.000000
 All;  1; 33;  5.0000;325.0000;    84;     0;   164; 29946; 30194;0.004797;0.000026;0.004824;0.002782;0.994568;0.002782;1.000000;1.000000;1.000000;0.001342;0.001342;0.000838;0.000422;0.000000;0.013971;0.013971;0.000000;0.013895;0.013895;0.000000;0.000039;0.000039
 All;  1; 34;  5.0000;335.0000;   256;     1;   222; 29714; 30193;0.004788;0.000036;0.004824;0.008512;0.992614;0.008479;1.000000;1.000000;1.000000;0.004106;0.004090;0.000838;0.000422;0.000000;0.013971;0.013971;0.000000;0.013868;0.013868;0.000000;0.000118;0.000118
 All;  1; 35;  5.0000;345.0000;    37;     2;   244; 29916; 30199;0.004784;0.000039;0.004824;0.001291;0.991854;0.001225;1.000000;1.000000;1.000000;0.000623;0.000591;0.000838;0.000422;0.000000;0.013971;0.013971;0.000000;0.013857;0.013857;0.000000;0.000017;0.000017
 All;  1; 36;  5.0000;355.0000;  8758;   109;   148; 21194; 30209;0.004783;0.000041;0.004824;0.293522;0.991493;0.289914;1.000000;1.000000;1.000000;0.141582;0.139842;0.000838;0.000422;0.000000;0.013971;0.013971;0.000000;0.013852;0.013852;0.000000;0.004050;0.004050
 All;  2;  1; 15.0000;  5.0000;  1312;     0;     0; 25330; 26642;0.004677;0.000000;0.004677;0.049246;1.000000;0.049246;1.000000;1.000000;1.000000;0.023032;0.023032;0.002412;0.001570;0.000000;0.040228;0.040228;0.000000;0.040228;0.040228;0.000000;0.001981;0.001981
 All;  2;  2; 15.0000; 15.0000;   263;     0;     0; 26383; 26646;0.004677;0.000000;0.004677;0.009870;1.000000;0.009870;1.000000;1.000000;1.000000;0.004616;0.004616;0.002412;0.001570;0.000000;0.040228;0.040228;0.000000;0.040228;0.040228;0.000000;0.000397;0.000397
 All;  2;  3; 15.0000; 25.0000;  1142;     0;     0; 25499; 26641;0.004677;0.000000;0.004677;0.042866;1.000000;0.042866;1.000000;1.000000;1.000000;0.020049;0.020049;0.002412;0.001570;0.000000;0.040228;0.040228;0.000000;0.040228;0.040228;0.000000;0.001724;0.001724
 All;  2;  4; 15.0000; 35.0000; 21774;     0;     0;  4884; 26658;0.004677;0.000000;0.004677;0.816790;1.000000;0.816790;1.000000;1.000000;1.000000;0.382013;0.382013;0.002412;0.001570;0.000000;0.040228;0.040228;0.000000;0.040228;0.040228;0.000000;0.032858;0.032858
 All;  2;  5; 15.0000; 45.0000; 26163;     0;     0;   464; 26627;0.004677;0.000000;0.004677;0.982574;1.000000;0.982574;1.000000;1.000000;1.000000;0.459550;0.459550;0.002412;0.001570;0.000000;0.040228;0.040228;0.000000;0.040228;0.040228;0.000000;0.039527;0.039527
 All;  2;  6; 15.0000; 55.0000; 26641;     0;     0;     0; 26641;0.004677;0.000000;0.004677;1.000000;1.000000;1.000000;1.000000;1.000000;1.000000;0.467700;0.467700;0.002412;0.001570;0.000000;0.040228;0.040228;0.000000;0.040228;0.040228;0.000000;0.040228;0.040228
 All;  2;  7; 15.0000; 65.0000; 26645;     0;     0;     0; 26645;0.004677;0.000000;0.004677;1.000000;1.000000;1.000000;1.000000;1.000000;1.000000;0.467700;0.467700;0.002412;0.001570;0.002100;0.040228;0.042328;0.002100;0.040228;0.042328;0.002100;0.040228;0.042328
 All;  2;  8; 15.0000; 75.0000; 26641;     0;     0;     0; 26641;0.004677;0.000000;0.004677;1.000000;1.000000;1.000000;1.000000;1.000000;1.000000;0.467700;0.467700;0.002412;0.001570;0.051836;0.040228;0.092064;0.051836;0.040228;0.092064;0.051836;0.040228;0.092064
 All;  2;  9; 15.0000; 85.0000; 26628;     0;     0;     0; 26628;0.004677;0.000000;0.004677;1.000000;1.000000;1.000000;1.000000;1.000000;1.000000;0.467700;0.467700;0.002412;0.001570;0.032827;0.040228;0.073055;0.032827;0.040228;0.073055;0.032827;0.040228;0.073055
 All;  2; 10; 15.0000; 95.0000; 26642;     0;     0;     0; 26642;0.004677;0.000000;0.004677;1.000000;1.000000;1.000000;1.000000;1.000000;1.000000;0.467700;0.467700;0.002412;0.001570;0.028051;0.040228;0.068278;0.028051;0.040228;0.068278;0.028051;0.040228;0.068278
 All;  2; 11; 15.0000;105.0000; 26646;     0;     0;     0; 26646;0.004677;0.000000;0.004677;1.000000;1.000000;1.000000;1.000000;1.000000;1.000000;0.467700;0.467700;0.002412;0.001570;0.028404;0.040228;0.068632;0.028404;0.040228;0.068632;0.028404;0.040228;0.068632
 All;  2; 12; 15.0000;115.0000; 26641;     0;     0;     0; 26641;0.004677;0.000000;0.004677;1.000000;1.000000;1.000000;1.000000;1.000000;1.000000;0.467700;0.467700;0.002412;0.001570;0.033260;0.040228;0.073488;0.033260;0.040228;0.073488;0.033260;0.040228;0.073488
 All;  2; 13; 15.0000;125.0000; 26658;     0;     0;     0; 26658;0.004677;0.000000;0.004677;1.000000;1.000000;1.000000;1.000000;1.000000;1.000000;0.467700;0.467700;0.002412;0.001570;0.047275;0.040228;0.087502;0.047275;0.040228;0.087502;0.047275;0.040228;0.087502
 All;  2; 14; 15.0000;135.0000; 23364;     0;     0;  3263; 26627;0.004677;0.000000;0.004677;0.877455;1.000000;0.877455;0.973829;1.000000;0.973829;0.410386;0.410386;0.002412;0.001570;0.083117;0.040228;0.123345;0.083117;0.040228;0.123345;0.080942;0.035298;0.116240
 All;  2; 15; 15.0000;145.0000; 22349;     0;     0;  4292; 26641;0.004677;0.000000;0.004677;0.838895;1.000000;0.838895;1.000000;1.000000;1.000000;0.392351;0.392351;0.002412;0.001570;0.037878;0.040228;0.078106;0.037878;0.040228;0.078106;0.037878;0.033747;0.071625
 All;  2; 16; 15.0000;155.0000; 22502;     0;     0;  4143; 26645;0.004677;0.000000;0.004677;0.844511;1.000000;0.844511;1.000000;1.000000;1.000000;0.394978;0.394978;0.002412;0.001570;0.000000;0.040228;0.040228;0.000000;0.040228;0.040228;0.000000;0.033973;0.033973
 All;  2; 17; 15.0000;165.0000;  9288;     0;     0; 17353; 26641;0.004677;0.000000;0.004677;0.348636;1.000000;0.348636;1.000000;1.000000;1.000000;0.163057;0.163057;0.002412;0.001570;0.000000;0.040228;0.040228;0.000000;0.040228;0.040228;0.000000;0.014025;0.014025
 All;  2; 18; 15.0000;175.0000; 17974;     0;     0;  8654; 26628;0.004677;0.000000;0.004677;0.675004;1.000000;0.675004;1.000000;1.000000;1.000000;0.315699;0.315699;0.002412;0.001570;0.000000;0.040228;0.040228;0.000000;0.040228;0.040228;0.000000;0.027154;0.027154
 All;  2; 19; 15.0000;185.0000; 26603;     0;     0;    39; 26642;0.004677;0.000000;0.004677;0.998536;1.000000;0.998536;1.000000;1.000000;1.000000;0.467015;0.467015;0.002412;0.001570;0.000000;0.040228;0.040228;0.000000;0.040228;0.040228;0.000000;0.040169;0.040169
 All;  2; 20; 15.0000;195.0000; 26646;     0;     0;     0; 26646;0.004677;0.000000;0.004677;1.000000;1.000000;1.000000;1.000000;1.000000;1.000000;0.467700;0.467700;0.002412;0.001570;0.000000;0.040228;0.040228;0.000000;0.040228;0.040228;0.000000;0.040228;0.040228
 All;  2; 21; 15.0000;205.0000; 26641;     0;     0;     0; 26641;0.004677;0.000000;0.004677;1.000000;1.000000;1.000000;1.000000;1.000000;1.000000;0.467700;0.467700;0.002412;0.001570;0.000000;0.040228;0.040228;0.000000;0.040228;0.040228;0.000000;0.040228;0.040228
 All;  2; 22; 15.0000;215.0000; 26658;     0;     0;     0; 26658;0.004677;0.000000;0.004677;1.000000;1.000000;1.000000;1.000000;1.000000;1.000000;0.467700;0.467700;0.002412;0.001570;0.038268;0.040228;0.078495;0.038268;0.040228;0.078495;0.038268;0.040228;0.078495
 All;  2; 23; 15.0000;225.0000; 26627;     0;     0;     0; 26627;0.004677;0.000000;0.004677;1.000000;1.000000;1.000000;1.000000;1.000000;1.000000;0.467700;0.467700;0.002412;0.001570;0.082897;0.040228;0.123124;0.082897;0.040228;0.123124;0.082897;0.040228;0.123124
 All;  2; 24; 15.0000;235.0000; 26641;     0;     0;     0; 26641;0.004677;0.000000;0.004677;1.000000;1.000000;1.000000;1.000000;1.000000;1.000000;0.467700;0.467700;0.002412;0.001570;0.046949;0.040228;0.087176;0.046949;0.040228;0.087176;0.046949;0.040228;0.087176
 All;  2; 25; 15.0000;245.0000; 26645;     0;     0;     0; 26645;0.004677;0.000000;0.004677;1.000000;1.000000;1.000000;1.000000;1.000000;1.000000;0.467700;0.467700;0.002412;0.001570;0.033317;0.040228;0.073545;0.033317;0.040228;0.073545;0.033317;0.040228;0.073545
 All;  2; 26; 15.0000;255.0000; 26641;     0;     0;     0; 26641;0.004677;0.000000;0.004677;1.000000;1.000000;1.000000;1.000000;1.000000;1.000000;0.467700;0.467700;0.002412;0.001570;0.028417;0.040228;0.068645;0.028417;0.040228;0.068645;0.028417;0.040228;0.068645
 All;  2; 27; 15.0000;265.0000; 26628;     0;     0;     0; 26628;0.004677;0.000000;0.004677;1.000000;1.000000;1.000000;1.000000;1.000000;1.000000;0.467700;0.467700;0.002412;0.001570;0.027907;0.040228;0.068135;0.027907;0.040228;0.068135;0.027907;0.040228;0.068135
 All;  2; 28; 15.0000;275.0000; 26642;     0;     0;     0; 26642;0.004677;0.000000;0.004677;1.000000;1.000000;1.000000;1.000000;1.000000;1.000000;0.467700;0.467700;0.002412;0.001570;0.032804;0.040228;0.073031;0.032804;0.040228;0.073031;0.032804;0.040228;0.073031
 All;  2; 29; 15.0000;285.0000; 24975;     0;     0;  1671; 26646;0.004677;0.000000;0.004677;0.937289;1.000000;0.937289;0.965249;1.000000;0.965249;0.438370;0.438370;0.002412;0.001570;0.051429;0.040228;0.091656;0.051429;0.040228;0.091656;0.049642;0.037705;0.087346
 All;  2; 30; 15.0000;295.0000; 17855;     0;     0;  8786; 26641;0.004677;0.000000;0.004677;0.670208;1.000000;0.670208;0.291633;1.000000;0.291633;0.313456;0.313456;0.002412;0.001570;0.002219;0.040228;0.042447;0.002219;0.040228;0.042447;0.000647;0.026961;0.027608
 All;  2; 31; 15.0000;305.0000;   866;     0;     0; 25792; 26658;0.004677;0.000000;0.004677;0.032486;1.000000;0.032486;1.000000;1.000000;1.000000;0.015193;0.015193;0.002412;0.001570;0.000000;0.040228;0.040228;0.000000;0.040228;0.040228;0.000000;0.001307;0.001307
 All;  2; 32; 15.0000;315.0000;   173;     0;     0; 26454; 26627;0.004677;0.000000;0.004677;0.006497;1.000000;0.006497;1.000000;1.000000;1.000000;0.003039;0.003039;0.002412;0.001570;0.000000;0.040228;0.040228;0.000000;0.040228;0.040228;0.000000;0.000261;0.000261
 All;  2; 33; 15.0000;325.0000;     9;     0;     0; 26632; 26641;0.004677;0.000000;0.004677;0.000338;1.000000;0.000338;1.000000;1.000000;1.000000;0.000158;0.000158;0.002412;0.001570;0.000000;0.040228;0.040228;0.000000;0.040228;0.040228;0.000000;0.000014;0.000014
 All;  2; 34; 15.0000;335.0000;    45;     0;     0; 26600; 26645;0.004677;0.000000;0.004677;0.001689;1.000000;0.001689;1.000000;1.000000;1.000000;0.000790;0.000790;0.002412;0.001570;0.000000;0.040228;0.040228;0.000000;0.040228;0.040228;0.000000;0.000068;0.000068
 All;  2; 35; 15.0000;345.0000;    88;     0;     0; 26553; 26641;0.004677;0.000000;0.004677;0.003303;1.000000;0.003303;1.000000;1.000000;1.000000;0.001545;0.001545;0.002412;0.001570;0.000000;0.040228;0.040228;0.000000;0.040228;0.040228;0.000000;0.000133;0.000133
 All;  2; 36; 15.0000;355.0000;   191;     0;     0; 26437; 26628;0.004677;0.000000;0.004677;0.007173;1.000000;0.007173;1.000000;1.000000;1.000000;0.003355;0.003355;0.002412;0.001570;0.000000;0.040228;0.040228;0.000000;0.040228;0.040228;0.000000;0.000289;0.000289
 All;  3;  1; 25.0000;  5.0000;   250;     0;     0; 22842; 23092;0.004388;0.000000;0.004388;0.010826;1.000000;0.010826;1.000000;1.000000;1.000000;0.004751;0.004751;0.003695;0.002924;0.000000;0.061632;0.061632;0.000000;0.061632;0.061632;0.000000;0.000667;0.000667
 All;  3;  2; 25.0000; 15.0000;    69;     0;     0; 23024; 23093;0.004388;0.000000;0.004388;0.002988;1.000000;0.002988;1.000000;1.000000;1.000000;0.001311;0.001311;0.003695;0.002924;0.000000;0.061632;0.061632;0.000000;0.061632;0.061632;0.000000;0.000184;0.000184
 All;  3;  3; 25.0000; 25.0000;   688;     0;     0; 22403; 23091;0.004388;0.000000;0.004388;0.029795;1.000000;0.029795;1.000000;1.000000;1.000000;0.013075;0.013075;0.003695;0.002924;0.000000;0.061632;0.061632;0.000000;0.061632;0.061632;0.000000;0.001836;0.001836
 All;  3;  4; 25.0000; 35.0000; 16713;     0;     0;  6360; 23073;0.004388;0.000000;0.004388;0.724353;1.000000;0.724353;1.000000;1.000000;1.000000;0.317870;0.317870;0.003695;0.002924;0.000000;0.061632;0.061632;0.000000;0.061632;0.061632;0.000000;0.044644;0.044644
 All;  3;  5; 25.0000; 45.0000; 23110;     0;     0;     0; 23110;0.004388;0.000000;0.004388;1.000000;1.000000;1.000000;1.000000;1.000000;1.000000;0.438833;0.438833;0.003695;0.002924;0.000000;0.061632;0.061632;0.000000;0.061632;0.061632;0.000000;0.061632;0.061632
 All;  3;  6; 25.0000; 55.0000; 23093;     0;     0;     0; 23093;0.004388;0.000000;0.004388;1.000000;1.000000;1.000000;1.000000;1.000000;1.000000;0.438833;0.438833;0.003695;0.002924;0.000000;0.061632;0.061632;0.000000;0.061632;0.061632;0.000000;0.061632;0.061632
 All;  3;  7; 25.0000; 65.0000; 23092;     0;     0;     0; 23092;0.004388;0.000000;0.004388;1.000000;1.000000;1.000000;1.000000;1.000000;1.000000;0.438833;0.438833;0.003695;0.002924;0.000000;0.061632;0.061632;0.000000;0.061632;0.061632;0.000000;0.061632;0.061632
 All;  3;  8; 25.0000; 75.0000; 23092;     0;     0;     0; 23092;0.004388;0.000000;0.004388;1.000000;1.000000;1.000000;1.000000;1.000000;1.000000;0.438833;0.438833;0.003695;0.002924;0.041166;0.061632;0.102798;0.041166;0.061632;0.102798;0.041166;0.061632;0.102798
 All;  3;  9; 25.0000; 85.0000; 23091;     0;     0;     0; 23091;0.004388;0.000000;0.004388;1.000000;1.000000;1.000000;1.000000;1.000000;1.000000;0.438833;0.438833;0.003695;0.002924;0.142928;0.061632;0.204560;0.142928;0.061632;0.204560;0.142928;0.061632;0.204560
 All;  3; 10; 25.0000; 95.0000; 23092;     0;     0;     0; 23092;0.004388;0.000000;0.004388;1.000000;1.000000;1.000000;1.000000;1.000000;1.000000;0.438833;0.438833;0.003695;0.002924;0.084322;0.061632;0.145954;0.084322;0.061632;0.145954;0.084322;0.061632;0.145954
 All;  3; 11; 25.0000;105.0000; 23093;     0;     0;     0; 23093;0.004388;0.000000;0.004388;1.000000;1.000000;1.000000;1.000000;1.000000;1.000000;0.438833;0.438833;0.003695;0.002924;0.076906;0.061632;0.138539;0.076906;0.061632;0.138539;0.076906;0.061632;0.138539
 All;  3; 12; 25.0000;115.0000; 23089;     0;     0;     2; 23091;0.004388;0.000000;0.004388;0.999913;1.000000;0.999913;1.000000;1.000000;1.000000;0.438795;0.438795;0.003695;0.002924;0.079194;0.061632;0.140826;0.079194;0.061632;0.140826;0.079194;0.061627;0.140821
 All;  3; 13; 25.0000;125.0000; 22841;     0;     0;   232; 23073;0.004388;0.000000;0.004388;0.989945;1.000000;0.989945;0.985935;1.000000;0.985935;0.434420;0.434420;0.003695;0.002924;0.090549;0.061632;0.152181;0.090549;0.061632;0.152181;0.089275;0.061013;0.150288
 All;  3; 14; 25.0000;135.0000; 21034;     0;     0;  2076; 23110;0.004388;0.000000;0.004388;0.910169;1.000000;0.910169;0.908276;1.000000;0.908276;0.399412;0.399412;0.003695;0.002924;0.115993;0.061632;0.177625;0.115993;0.061632;0.177625;0.105354;0.056096;0.161449
 All;  3; 15; 25.0000;145.0000; 22868;     0;     0;   225; 23093;0.004388;0.000000;0.004388;0.990257;1.000000;0.990257;0.991470;1.000000;0.991470;0.434557;0.434557;0.003695;0.002924;0.190461;0.061632;0.252093;0.190461;0.061632;0.252093;0.188836;0.061032;0.249868
 All;  3; 16; 25.0000;155.0000; 22457;     0;     0;   635; 23092;0.004388;0.000000;0.004388;0.972501;1.000000;0.972501;0.971292;1.000000;0.971292;0.426766;0.426766;0.003695;0.002924;0.214618;0.061632;0.276250;0.214618;0.061632;0.276250;0.208457;0.059937;0.268394
 All;  3; 17; 25.0000;165.0000; 17114;     0;     0;  5978; 23092;0.004388;0.000000;0.004388;0.741122;1.000000;0.741122;0.844097;1.000000;0.844097;0.325229;0.325229;0.003695;0.002924;0.176937;0.061632;0.238570;0.176937;0.061632;0.238570;0.149352;0.045677;0.195029
 All;  3; 18; 25.0000;175.0000; 18975;     0;     0;  4116; 23091;0.004388;0.000000;0.004388;0.821749;1.000000;0.821749;1.000000;1.000000;1.000000;0.360610;0.360610;0.003695;0.002924;0.146688;0.061632;0.208321;0.146688;0.061632;0.208321;0.146688;0.050646;0.197335
 All;  3; 19; 25.0000;185.0000; 23092;     0;     0;     0; 23092;0.004388;0.000000;0.004388;1.000000;1.000000;1.000000;1.000000;1.000000;1.000000;0.438833;0.438833;0.003695;0.002924;0.147316;0.061632;0.208949;0.147316;0.061632;0.208949;0.147316;0.061632;0.208949
 All;  3; 20; 25.0000;195.0000; 23093;     0;     0;     0; 23093;0.004388;0.000000;0.004388;1.000000;1.000000;1.000000;1.000000;1.000000;1.000000;0.438833;0.438833;0.003695;0.002924;0.177795;0.061632;0.239427;0.177795;0.061632;0.239427;0.177795;0.061632;0.239427
 All;  3; 21; 25.0000;205.0000; 23091;     0;     0;     0; 23091;0.004388;0.000000;0.004388;1.000000;1.000000;1.000000;1.000000;1.000000;1.000000;0.438833;0.438833;0.003695;0.002924;0.213997;0.061632;0.275630;0.213997;0.061632;0.275630;0.213997;0.061632;0.275630
 All;  3; 22; 25.0000;215.0000; 23073;     0;     0;     0; 23073;0.004388;0.000000;0.004388;1.000000;1.000000;1.000000;1.000000;1.000000;1.000000;0.438833;0.438833;0.003695;0.002924;0.190971;0.061632;0.252603;0.190971;0.061632;0.252603;0.190971;0.061632;0.252603
 All;  3; 23; 25.0000;225.0000; 23110;     0;     0;     0; 23110;0.004388;0.000000;0.004388;1.000000;1.000000;1.000000;1.000000;1.000000;1.000000;0.438833;0.438833;0.003695;0.002924;0.116300;0.061632;0.177932;0.116300;0.061632;0.177932;0.116300;0.061632;0.177932
 All;  3; 24; 25.0000;235.0000; 23093;     0;     0;     0; 23093;0.004388;0.000000;0.004388;1.000000;1.000000;1.000000;1.000000;1.000000;1.000000;0.438833;0.438833;0.003695;0.002924;0.090378;0.061632;0.152010;0.090378;0.061632;0.152010;0.090378;0.061632;0.152010
 All;  3; 25; 25.0000;245.0000; 23092;     0;     0;     0; 23092;0.004388;0.000000;0.004388;1.000000;1.000000;1.000000;1.000000;1.000000;1.000000;0.438833;0.438833;0.003695;0.002924;0.078876;0.061632;0.140508;0.078876;0.061632;0.140508;0.078876;0.061632;0.140508
 All;  3; 26; 25.0000;255.0000; 23092;     0;     0;     0; 23092;0.004388;0.000000;0.004388;1.000000;1.000000;1.000000;1.000000;1.000000;1.000000;0.438833;0.438833;0.003695;0.002924;0.076817;0.061632;0.138449;0.076817;0.061632;0.138449;0.076817;0.061632;0.138449
 All;  3; 27; 25.0000;265.0000; 23091;     0;     0;     0; 23091;0.004388;0.000000;0.004388;1.000000;1.000000;1.000000;1.000000;1.000000;1.000000;0.438833;0.438833;0.003695;0.002924;0.084569;0.061632;0.146201;0.084569;0.061632;0.146201;0.084569;0.061632;0.146201
 All;  3; 28; 25.0000;275.0000; 23092;     0;     0;     0; 23092;0.004388;0.000000;0.004388;1.000000;1.000000;1.000000;1.000000;1.000000;1.000000;0.438833;0.438833;0.003695;0.002924;0.142117;0.061632;0.203749;0.142117;0.061632;0.203749;0.142117;0.061632;0.203749
 All;  3; 29; 25.0000;285.0000; 21187;     0;     0;  1906; 23093;0.004388;0.000000;0.004388;0.917464;1.000000;0.917464;1.000000;1.000000;1.000000;0.402613;0.402613;0.003695;0.002924;0.041783;0.061632;0.103415;0.041783;0.061632;0.103415;0.041783;0.056545;0.098328
 All;  3; 30; 25.0000;295.0000;  4029;     0;     0; 19062; 23091;0.004388;0.000000;0.004388;0.174484;1.000000;0.174484;1.000000;1.000000;1.000000;0.076569;0.076569;0.003695;0.002924;0.000000;0.061632;0.061632;0.000000;0.061632;0.061632;0.000000;0.010754;0.010754
 All;  3; 31; 25.0000;305.0000;   535;     0;     0; 22538; 23073;0.004388;0.000000;0.004388;0.023187;1.000000;0.023187;1.000000;1.000000;1.000000;0.010175;0.010175;0.003695;0.002924;0.000000;0.061632;0.061632;0.000000;0.061632;0.061632;0.000000;0.001429;0.001429
 All;  3; 32; 25.0000;315.0000;     5;     0;     0; 23105; 23110;0.004388;0.000000;0.004388;0.000216;1.000000;0.000216;1.000000;1.000000;1.000000;0.000095;0.000095;0.003695;0.002924;0.000000;0.061632;0.061632;0.000000;0.061632;0.061632;0.000000;0.000013;0.000013
 All;  3; 33; 25.0000;325.0000;    31;     0;     0; 23062; 23093;0.004388;0.000000;0.004388;0.001342;1.000000;0.001342;1.000000;1.000000;1.000000;0.000589;0.000589;0.003695;0.002924;0.000000;0.061632;0.061632;0.000000;0.061632;0.061632;0.000000;0.000083;0.000083
 All;  3; 34; 25.0000;335.0000;   129;     0;     0; 22963; 23092;0.004388;0.000000;0.004388;0.005586;1.000000;0.005586;1.000000;1.000000;1.000000;0.002451;0.002451;0.003695;0.002924;0.000000;0.061632;0.061632;0.000000;0.061632;0.061632;0.000000;0.000344;0.000344
 All;  3; 35; 25.0000;345.0000;   250;     0;     0; 22842; 23092;0.004388;0.000000;0.004388;0.010826;1.000000;0.010826;1.000000;1.000000;1.000000;0.004751;0.004751;0.003695;0.002924;0.000000;0.061632;0.061632;0.000000;0.061632;0.061632;0.000000;0.000667;0.000667
 All;  3; 36; 25.0000;355.0000;   238;     0;     0; 22853; 23091;0.004388;0.000000;0.004388;0.010307;1.000000;0.010307;1.000000;1.000000;1.000000;0.004523;0.004523;0.003695;0.002924;0.000000;0.061632;0.061632;0.000000;0.061632;0.061632;0.000000;0.000635;0.000635
 All;  4;  1; 35.0000;  5.0000;   221;     0;     0; 19317; 19538;0.003966;0.000000;0.003966;0.011311;1.000000;0.011311;1.000000;1.000000;1.000000;0.004486;0.004486;0.004533;0.004174;0.000000;0.075603;0.075603;0.000000;0.075603;0.075603;0.000000;0.000855;0.000855
 All;  4;  2; 35.0000; 15.0000;   107;     0;     0; 19430; 19537;0.003966;0.000000;0.003966;0.005477;1.000000;0.005477;1.000000;1.000000;1.000000;0.002172;0.002172;0.004533;0.004174;0.000000;0.075603;0.075603;0.000000;0.075603;0.075603;0.000000;0.000414;0.000414
 All;  4;  3; 35.0000; 25.0000;   167;     0;     0; 19370; 19537;0.003966;0.000000;0.003966;0.008548;1.000000;0.008548;1.000000;1.000000;1.000000;0.003390;0.003390;0.004533;0.004174;0.000000;0.075603;0.075603;0.000000;0.075603;0.075603;0.000000;0.000646;0.000646
 All;  4;  4; 35.0000; 35.0000;  1344;     0;     0; 18220; 19564;0.003966;0.000000;0.003966;0.068698;1.000000;0.068698;1.000000;1.000000;1.000000;0.027248;0.027248;0.004533;0.004174;0.000000;0.075603;0.075603;0.000000;0.075603;0.075603;0.000000;0.005194;0.005194
 All;  4;  5; 35.0000; 45.0000; 10097;     0;     0;  9422; 19519;0.003966;0.000000;0.003966;0.517291;1.000000;0.517291;1.000000;1.000000;1.000000;0.205174;0.205174;0.004533;0.004174;0.000000;0.075603;0.075603;0.000000;0.075603;0.075603;0.000000;0.039109;0.039109
 All;  4;  6; 35.0000; 55.0000; 19213;     0;     0;   322; 19535;0.003966;0.000000;0.003966;0.983517;1.000000;0.983517;1.000000;1.000000;1.000000;0.390094;0.390094;0.004533;0.004174;0.000000;0.075603;0.075603;0.000000;0.075603;0.075603;0.000000;0.074357;0.074357
 All;  4;  7; 35.0000; 65.0000; 19539;     0;     0;     0; 19539;0.003966;0.000000;0.003966;1.000000;1.000000;1.000000;1.000000;1.000000;1.000000;0.396632;0.396632;0.004533;0.004174;0.000000;0.075603;0.075603;0.000000;0.075603;0.075603;0.000000;0.075603;0.075603
 All;  4;  8; 35.0000; 75.0000; 19537;     0;     0;     0; 19537;0.003966;0.000000;0.003966;1.000000;1.000000;1.000000;1.000000;1.000000;1.000000;0.396632;0.396632;0.004533;0.004174;0.000000;0.075603;0.075603;0.000000;0.075603;0.075603;0.000000;0.075603;0.075603
 All;  4;  9; 35.0000; 85.0000; 19549;     0;     0;     0; 19549;0.003966;0.000000;0.003966;1.000000;1.000000;1.000000;1.000000;1.000000;1.000000;0.396632;0.396632;0.004533;0.004174;0.157649;0.075603;0.233252;0.157649;0.075603;0.233252;0.157649;0.075603;0.233252
 All;  4; 10; 35.0000; 95.0000; 19538;     0;     0;     0; 19538;0.003966;0.000000;0.003966;1.000000;1.000000;1.000000;1.000000;1.000000;1.000000;0.396632;0.396632;0.004533;0.004174;0.190606;0.075603;0.266209;0.190606;0.075603;0.266209;0.190606;0.075603;0.266209
 All;  4; 11; 35.0000;105.0000; 19537;     0;     0;     0; 19537;0.003966;0.000000;0.003966;1.000000;1.000000;1.000000;1.000000;1.000000;1.000000;0.396632;0.396632;0.004533;0.004174;0.130597;0.075603;0.206200;0.130597;0.075603;0.206200;0.130597;0.075603;0.206200
 All;  4; 12; 35.0000;115.0000; 19438;     0;     0;    99; 19537;0.003966;0.000000;0.003966;0.994933;1.000000;0.994933;0.994220;1.000000;0.994220;0.394622;0.394622;0.004533;0.004174;0.122335;0.075603;0.197939;0.122335;0.075603;0.197939;0.121628;0.075220;0.196848
 All;  4; 13; 35.0000;125.0000; 15848;     0;     0;  3716; 19564;0.003966;0.000000;0.003966;0.810059;1.000000;0.810059;0.809986;1.000000;0.809986;0.321296;0.321296;0.004533;0.004174;0.123741;0.075603;0.199344;0.123741;0.075603;0.199344;0.100228;0.061243;0.161471
 All;  4; 14; 35.0000;135.0000; 19153;     0;     0;   366; 19519;0.003966;0.000000;0.003966;0.981249;1.000000;0.981249;0.978265;1.000000;0.978265;0.389195;0.389195;0.004533;0.004174;0.134866;0.075603;0.210470;0.134866;0.075603;0.210470;0.131935;0.074186;0.206121
 All;  4; 15; 35.0000;145.0000; 15793;     0;     0;  3742; 19535;0.003966;0.000000;0.003966;0.808446;1.000000;0.808446;0.806337;1.000000;0.806337;0.320656;0.320656;0.004533;0.004174;0.153652;0.075603;0.229255;0.153652;0.075603;0.229255;0.123895;0.061121;0.185017
 All;  4; 16; 35.0000;155.0000; 16983;     0;     0;  2556; 19539;0.003966;0.000000;0.003966;0.869185;1.000000;0.869185;0.874676;1.000000;0.874676;0.344747;0.344747;0.004533;0.004174;0.177369;0.075603;0.252972;0.177369;0.075603;0.252972;0.155140;0.065713;0.220853
 All;  4; 17; 35.0000;165.0000; 13835;     0;     0;  5702; 19537;0.003966;0.000000;0.003966;0.708144;1.000000;0.708144;0.707661;1.000000;0.707661;0.280873;0.280873;0.004533;0.004174;0.208587;0.075603;0.284190;0.208587;0.075603;0.284190;0.147609;0.053538;0.201147
 All;  4; 18; 35.0000;175.0000; 17779;     0;     0;  1770; 19549;0.003966;0.000000;0.003966;0.909458;1.000000;0.909458;0.913352;1.000000;0.913352;0.360720;0.360720;0.004533;0.004174;0.231615;0.075603;0.307218;0.231615;0.075603;0.307218;0.211546;0.068758;0.280304
 All;  4; 19; 35.0000;185.0000; 18822;     0;     0;   716; 19538;0.003966;0.000000;0.003966;0.963353;1.000000;0.963353;0.969004;1.000000;0.969004;0.382097;0.382097;0.004533;0.004174;0.232925;0.075603;0.308528;0.232925;0.075603;0.308528;0.225705;0.072833;0.298537
 All;  4; 20; 35.0000;195.0000; 19537;     0;     0;     0; 19537;0.003966;0.000000;0.003966;1.000000;1.000000;1.000000;1.000000;1.000000;1.000000;0.396632;0.396632;0.004533;0.004174;0.207801;0.075603;0.283404;0.207801;0.075603;0.283404;0.207801;0.075603;0.283404
 All;  4; 21; 35.0000;205.0000; 19537;     0;     0;     0; 19537;0.003966;0.000000;0.003966;1.000000;1.000000;1.000000;1.000000;1.000000;1.000000;0.396632;0.396632;0.004533;0.004174;0.177467;0.075603;0.253070;0.177467;0.075603;0.253070;0.177467;0.075603;0.253070
 All;  4; 22; 35.0000;215.0000; 19564;     0;     0;     0; 19564;0.003966;0.000000;0.003966;1.000000;1.000000;1.000000;1.000000;1.000000;1.000000;0.396632;0.396632;0.004533;0.004174;0.151593;0.075603;0.227196;0.151593;0.075603;0.227196;0.151593;0.075603;0.227196
 All;  4; 23; 35.0000;225.0000; 19519;     0;     0;     0; 19519;0.003966;0.000000;0.003966;1.000000;1.000000;1.000000;1.000000;1.000000;1.000000;0.396632;0.396632;0.004533;0.004174;0.134737;0.075603;0.210340;0.134737;0.075603;0.210340;0.134737;0.075603;0.210340
 All;  4; 24; 35.0000;235.0000; 19535;     0;     0;     0; 19535;0.003966;0.000000;0.003966;1.000000;1.000000;1.000000;1.000000;1.000000;1.000000;0.396632;0.396632;0.004533;0.004174;0.125103;0.075603;0.200706;0.125103;0.075603;0.200706;0.125103;0.075603;0.200706
 All;  4; 25; 35.0000;245.0000; 19539;     0;     0;     0; 19539;0.003966;0.000000;0.003966;1.000000;1.000000;1.000000;1.000000;1.000000;1.000000;0.396632;0.396632;0.004533;0.004174;0.122037;0.075603;0.197640;0.122037;0.075603;0.197640;0.122037;0.075603;0.197640
 All;  4; 26; 35.0000;255.0000; 19537;     0;     0;     0; 19537;0.003966;0.000000;0.003966;1.000000;1.000000;1.000000;1.000000;1.000000;1.000000;0.396632;0.396632;0.004533;0.004174;0.132284;0.075603;0.207887;0.132284;0.075603;0.207887;0.132284;0.075603;0.207887
 All;  4; 27; 35.0000;265.0000; 19549;     0;     0;     0; 19549;0.003966;0.000000;0.003966;1.000000;1.000000;1.000000;1.000000;1.000000;1.000000;0.396632;0.396632;0.004533;0.004174;0.190632;0.075603;0.266235;0.190632;0.075603;0.266235;0.190632;0.075603;0.266235
 All;  4; 28; 35.0000;275.0000; 19538;     0;     0;     0; 19538;0.003966;0.000000;0.003966;1.000000;1.000000;1.000000;1.000000;1.000000;1.000000;0.396632;0.396632;0.004533;0.004174;0.157518;0.075603;0.233122;0.157518;0.075603;0.233122;0.157518;0.075603;0.233122
 All;  4; 29; 35.0000;285.0000; 18987;     0;     0;   550; 19537;0.003966;0.000000;0.003966;0.971848;1.000000;0.971848;1.000000;1.000000;1.000000;0.385466;0.385466;0.004533;0.004174;0.000000;0.075603;0.075603;0.000000;0.075603;0.075603;0.000000;0.073475;0.073475
 All;  4; 30; 35.0000;295.0000; 11908;     0;     0;  7629; 19537;0.003966;0.000000;0.003966;0.609510;1.000000;0.609510;1.000000;1.000000;1.000000;0.241751;0.241751;0.004533;0.004174;0.000000;0.075603;0.075603;0.000000;0.075603;0.075603;0.000000;0.046081;0.046081
 All;  4; 31; 35.0000;305.0000;   198;     0;     0; 19366; 19564;0.003966;0.000000;0.003966;0.010121;1.000000;0.010121;1.000000;1.000000;1.000000;0.004014;0.004014;0.004533;0.004174;0.000000;0.075603;0.075603;0.000000;0.075603;0.075603;0.000000;0.000765;0.000765
 All;  4; 32; 35.0000;315.0000;   192;     0;     0; 19327; 19519;0.003966;0.000000;0.003966;0.009837;1.000000;0.009837;1.000000;1.000000;1.000000;0.003902;0.003902;0.004533;0.004174;0.000000;0.075603;0.075603;0.000000;0.075603;0.075603;0.000000;0.000744;0.000744
 All;  4; 33; 35.0000;325.0000;    56;     0;     0; 19479; 19535;0.003966;0.000000;0.003966;0.002867;1.000000;0.002867;1.000000;1.000000;1.000000;0.001137;0.001137;0.004533;0.004174;0.000000;0.075603;0.075603;0.000000;0.075603;0.075603;0.000000;0.000217;0.000217
 All;  4; 34; 35.0000;335.0000;    44;     0;     0; 19495; 19539;0.003966;0.000000;0.003966;0.002252;1.000000;0.002252;1.000000;1.000000;1.000000;0.000893;0.000893;0.004533;0.004174;0.000000;0.075603;0.075603;0.000000;0.075603;0.075603;0.000000;0.000170;0.000170
 All;  4; 35; 35.0000;345.0000;   434;     0;     0; 19103; 19537;0.003966;0.000000;0.003966;0.022214;1.000000;0.022214;1.000000;1.000000;1.000000;0.008811;0.008811;0.004533;0.004174;0.000000;0.075603;0.075603;0.000000;0.075603;0.075603;0.000000;0.001679;0.001679
 All;  4; 36; 35.0000;355.0000;   135;     0;     0; 19414; 19549;0.003966;0.000000;0.003966;0.006906;1.000000;0.006906;1.000000;1.000000;1.000000;0.002739;0.002739;0.004533;0.004174;0.000000;0.075603;0.075603;0.000000;0.075603;0.075603;0.000000;0.000522;0.000522
 All;  5;  1; 45.0000;  5.0000;    33;     0;     0; 15953; 15986;0.003424;0.000000;0.003424;0.002064;1.000000;0.002064;1.000000;1.000000;1.000000;0.000707;0.000707;0.004824;0.004994;0.000000;0.080455;0.080455;0.000000;0.080455;0.080455;0.000000;0.000166;0.000166
 All;  5;  2; 45.0000; 15.0000;    64;     0;     0; 15919; 15983;0.003424;0.000000;0.003424;0.004004;1.000000;0.004004;1.000000;1.000000;1.000000;0.001371;0.001371;0.004824;0.004994;0.000000;0.080455;0.080455;0.000000;0.080455;0.080455;0.000000;0.000322;0.000322
 All;  5;  3; 45.0000; 25.0000;   249;     0;     0; 15740; 15989;0.003424;0.000000;0.003424;0.015573;1.000000;0.015573;1.000000;1.000000;1.000000;0.005332;0.005332;0.004824;0.004994;0.000000;0.080455;0.080455;0.000000;0.080455;0.080455;0.000000;0.001253;0.001253
 All;  5;  4; 45.0000; 35.0000;   549;     0;     0; 15414; 15963;0.003424;0.000000;0.003424;0.034392;1.000000;0.034392;1.000000;1.000000;1.000000;0.011775;0.011775;0.004824;0.004994;0.000000;0.080455;0.080455;0.000000;0.080455;0.080455;0.000000;0.002767;0.002767
 All;  5;  5; 45.0000; 45.0000;  4071;     0;     0; 11933; 16004;0.003424;0.000000;0.003424;0.254374;1.000000;0.254374;1.000000;1.000000;1.000000;0.087093;0.087093;0.004824;0.004994;0.000000;0.080455;0.080455;0.000000;0.080455;0.080455;0.000000;0.020466;0.020466
 All;  5;  6; 45.0000; 55.0000; 15515;     0;     0;   472; 15987;0.003424;0.000000;0.003424;0.970476;1.000000;0.970476;1.000000;1.000000;1.000000;0.332272;0.332272;0.004824;0.004994;0.000000;0.080455;0.080455;0.000000;0.080455;0.080455;0.000000;0.078080;0.078080
 All;  5;  7; 45.0000; 65.0000; 15984;     0;     0;     0; 15984;0.003424;0.000000;0.003424;1.000000;1.000000;1.000000;1.000000;1.000000;1.000000;0.342380;0.342380;0.004824;0.004994;0.000000;0.080455;0.080455;0.000000;0.080455;0.080455;0.000000;0.080455;0.080455
 All;  5;  8; 45.0000; 75.0000; 15985;     0;     0;     0; 15985;0.003424;0.000000;0.003424;1.000000;1.000000;1.000000;1.000000;1.000000;1.000000;0.342380;0.342380;0.004824;0.004994;0.000000;0.080455;0.080455;0.000000;0.080455;0.080455;0.000000;0.080455;0.080455
 All;  5;  9; 45.0000; 85.0000; 15973;     0;     0;     0; 15973;0.003424;0.000000;0.003424;1.000000;1.000000;1.000000;1.000000;1.000000;1.000000;0.342380;0.342380;0.004824;0.004994;0.000000;0.080455;0.080455;0.000000;0.080455;0.080455;0.000000;0.080455;0.080455
 All;  5; 10; 45.0000; 95.0000; 15986;     0;     0;     0; 15986;0.003424;0.000000;0.003424;1.000000;1.000000;1.000000;1.000000;1.000000;1.000000;0.342380;0.342380;0.004824;0.004994;0.273506;0.080455;0.353961;0.273506;0.080455;0.353961;0.273506;0.080455;0.353961
 All;  5; 11; 45.0000;105.0000; 15983;     0;     0;     0; 15983;0.003424;0.000000;0.003424;1.000000;1.000000;1.000000;1.000000;1.000000;1.000000;0.342380;0.342380;0.004824;0.004994;0.219977;0.080455;0.300432;0.219977;0.080455;0.300432;0.219977;0.080455;0.300432
 All;  5; 12; 45.0000;115.0000; 15989;     0;     0;     0; 15989;0.003424;0.000000;0.003424;1.000000;1.000000;1.000000;1.000000;1.000000;1.000000;0.342380;0.342380;0.004824;0.004994;0.163726;0.080455;0.244182;0.163726;0.080455;0.244182;0.163726;0.080455;0.244182
 All;  5; 13; 45.0000;125.0000; 14766;     0;     0;  1197; 15963;0.003424;0.000000;0.003424;0.925014;1.000000;0.925014;0.932469;1.000000;0.932469;0.316706;0.316706;0.004824;0.004994;0.151297;0.080455;0.231752;0.151297;0.080455;0.231752;0.141080;0.074422;0.215502
 All;  5; 14; 45.0000;135.0000; 11753;     0;     0;  4251; 16004;0.003424;0.000000;0.003424;0.734379;1.000000;0.734379;0.730724;1.000000;0.730724;0.251437;0.251437;0.004824;0.004994;0.149453;0.080455;0.229908;0.149453;0.080455;0.229908;0.109209;0.059085;0.168293
 All;  5; 15; 45.0000;145.0000; 11607;     0;     0;  4380; 15987;0.003424;0.000000;0.003424;0.726027;1.000000;0.726027;0.720751;1.000000;0.720751;0.248577;0.248577;0.004824;0.004994;0.152035;0.080455;0.232490;0.152035;0.080455;0.232490;0.109579;0.058413;0.167992
 All;  5; 16; 45.0000;155.0000;  9794;     0;     0;  6190; 15984;0.003424;0.000000;0.003424;0.612738;1.000000;0.612738;0.623385;1.000000;0.623385;0.209789;0.209789;0.004824;0.004994;0.158016;0.080455;0.238472;0.158016;0.080455;0.238472;0.098505;0.049298;0.147803
 All;  5; 17; 45.0000;165.0000; 15198;     0;     0;   787; 15985;0.003424;0.000000;0.003424;0.950766;1.000000;0.950766;0.952927;1.000000;0.952927;0.325523;0.325523;0.004824;0.004994;0.165823;0.080455;0.246278;0.165823;0.080455;0.246278;0.158017;0.076494;0.234511
 All;  5; 18; 45.0000;175.0000; 15973;     0;     0;     0; 15973;0.003424;0.000000;0.003424;1.000000;1.000000;1.000000;1.000000;1.000000;1.000000;0.342380;0.342380;0.004824;0.004994;0.168520;0.080455;0.248975;0.168520;0.080455;0.248975;0.168520;0.080455;0.248975
 All;  5; 19; 45.0000;185.0000; 15073;     0;     0;   913; 15986;0.003424;0.000000;0.003424;0.942888;1.000000;0.942888;0.946875;1.000000;0.946875;0.322826;0.322826;0.004824;0.004994;0.169581;0.080455;0.250036;0.169581;0.080455;0.250036;0.160572;0.075860;0.236432
 All;  5; 20; 45.0000;195.0000; 15983;     0;     0;     0; 15983;0.003424;0.000000;0.003424;1.000000;1.000000;1.000000;1.000000;1.000000;1.000000;0.342380;0.342380;0.004824;0.004994;0.164932;0.080455;0.245387;0.164932;0.080455;0.245387;0.164932;0.080455;0.245387
 All;  5; 21; 45.0000;205.0000; 15989;     0;     0;     0; 15989;0.003424;0.000000;0.003424;1.000000;1.000000;1.000000;1.000000;1.000000;1.000000;0.342380;0.342380;0.004824;0.004994;0.158396;0.080455;0.238851;0.158396;0.080455;0.238851;0.158396;0.080455;0.238851
 All;  5; 22; 45.0000;215.0000; 15963;     0;     0;     0; 15963;0.003424;0.000000;0.003424;1.000000;1.000000;1.000000;1.000000;1.000000;1.000000;0.342380;0.342380;0.004824;0.004994;0.152537;0.080455;0.232992;0.152537;0.080455;0.232992;0.152537;0.080455;0.232992
 All;  5; 23; 45.0000;225.0000; 16004;     0;     0;     0; 16004;0.003424;0.000000;0.003424;1.000000;1.000000;1.000000;1.000000;1.000000;1.000000;0.342380;0.342380;0.004824;0.004994;0.148512;0.080455;0.228968;0.148512;0.080455;0.228968;0.148512;0.080455;0.228968
 All;  5; 24; 45.0000;235.0000; 15987;     0;     0;     0; 15987;0.003424;0.000000;0.003424;1.000000;1.000000;1.000000;1.000000;1.000000;1.000000;0.342380;0.342380;0.004824;0.004994;0.151742;0.080455;0.232197;0.151742;0.080455;0.232197;0.151742;0.080455;0.232197
 All;  5; 25; 45.0000;245.0000; 15984;     0;     0;     0; 15984;0.003424;0.000000;0.003424;1.000000;1.000000;1.000000;1.000000;1.000000;1.000000;0.342380;0.342380;0.004824;0.004994;0.163862;0.080455;0.244317;0.163862;0.080455;0.244317;0.163862;0.080455;0.244317
 All;  5; 26; 45.0000;255.0000; 15985;     0;     0;     0; 15985;0.003424;0.000000;0.003424;1.000000;1.000000;1.000000;1.000000;1.000000;1.000000;0.342380;0.342380;0.004824;0.004994;0.218560;0.080455;0.299015;0.218560;0.080455;0.299015;0.218560;0.080455;0.299015
 All;  5; 27; 45.0000;265.0000; 15973;     0;     0;     0; 15973;0.003424;0.000000;0.003424;1.000000;1.000000;1.000000;1.000000;1.000000;1.000000;0.342380;0.342380;0.004824;0.004994;0.275950;0.080455;0.356405;0.275950;0.080455;0.356405;0.275950;0.080455;0.356405
 All;  5; 28; 45.0000;275.0000; 15986;     0;     0;     0; 15986;0.003424;0.000000;0.003424;1.000000;1.000000;1.000000;1.000000;1.000000;1.000000;0.342380;0.342380;0.004824;0.004994;0.000000;0.080455;0.080455;0.000000;0.080455;0.080455;0.000000;0.080455;0.080455
 All;  5; 29; 45.0000;285.0000; 14285;     0;     0;  1698; 15983;0.003424;0.000000;0.003424;0.893762;1.000000;0.893762;1.000000;1.000000;1.000000;0.306006;0.306006;0.004824;0.004994;0.000000;0.080455;0.080455;0.000000;0.080455;0.080455;0.000000;0.071908;0.071908
 All;  5; 30; 45.0000;295.0000;  4038;     0;     0; 11951; 15989;0.003424;0.000000;0.003424;0.252549;1.000000;0.252549;1.000000;1.000000;1.000000;0.086468;0.086468;0.004824;0.004994;0.000000;0.080455;0.080455;0.000000;0.080455;0.080455;0.000000;0.020319;0.020319
 All;  5; 31; 45.0000;305.0000;  1332;     0;     0; 14631; 15963;0.003424;0.000000;0.003424;0.083443;1.000000;0.083443;1.000000;1.000000;1.000000;0.028569;0.028569;0.004824;0.004994;0.000000;0.080455;0.080455;0.000000;0.080455;0.080455;0.000000;0.006713;0.006713
 All;  5; 32; 45.0000;315.0000;   674;     0;     0; 15330; 16004;0.003424;0.000000;0.003424;0.042114;1.000000;0.042114;1.000000;1.000000;1.000000;0.014419;0.014419;0.004824;0.004994;0.000000;0.080455;0.080455;0.000000;0.080455;0.080455;0.000000;0.003388;0.003388
 All;  5; 33; 45.0000;325.0000;   110;     0;     0; 15877; 15987;0.003424;0.000000;0.003424;0.006881;1.000000;0.006881;1.000000;1.000000;1.000000;0.002356;0.002356;0.004824;0.004994;0.000000;0.080455;0.080455;0.000000;0.080455;0.080455;0.000000;0.000554;0.000554
 All;  5; 34; 45.0000;335.0000;   139;     0;     0; 15845; 15984;0.003424;0.000000;0.003424;0.008696;1.000000;0.008696;1.000000;1.000000;1.000000;0.002977;0.002977;0.004824;0.004994;0.000000;0.080455;0.080455;0.000000;0.080455;0.080455;0.000000;0.000700;0.000700
 All;  5; 35; 45.0000;345.0000;    72;     0;     0; 15913; 15985;0.003424;0.000000;0.003424;0.004504;1.000000;0.004504;1.000000;1.000000;1.000000;0.001542;0.001542;0.004824;0.004994;0.000000;0.080455;0.080455;0.000000;0.080455;0.080455;0.000000;0.000362;0.000362
 All;  5; 36; 45.0000;355.0000;    31;     0;     0; 15942; 15973;0.003424;0.000000;0.003424;0.001941;1.000000;0.001941;1.000000;1.000000;1.000000;0.000664;0.000664;0.004824;0.004994;0.000000;0.080455;0.080455;0.000000;0.080455;0.080455;0.000000;0.000156;0.000156
 All;  6;  1; 55.0000;  5.0000;    39;     0;     0; 12395; 12434;0.002777;0.000000;0.002777;0.003137;1.000000;0.003137;1.000000;1.000000;1.000000;0.000871;0.000871;0.004533;0.005129;0.000000;0.075603;0.075603;0.000000;0.075603;0.075603;0.000000;0.000237;0.000237
 All;  6;  2; 55.0000; 15.0000;   135;     0;     0; 12297; 12432;0.002777;0.000000;0.002777;0.010859;1.000000;0.010859;1.000000;1.000000;1.000000;0.003016;0.003016;0.004533;0.005129;0.000000;0.075603;0.075603;0.000000;0.075603;0.075603;0.000000;0.000821;0.000821
 All;  6;  3; 55.0000; 25.0000;  1343;     0;     0; 11089; 12432;0.002777;0.000000;0.002777;0.108028;1.000000;0.108028;1.000000;1.000000;1.000000;0.030002;0.030002;0.004533;0.005129;0.000000;0.075603;0.075603;0.000000;0.075603;0.075603;0.000000;0.008167;0.008167
 All;  6;  4; 55.0000; 35.0000;  4973;     0;     0;  7465; 12438;0.002777;0.000000;0.002777;0.399823;1.000000;0.399823;1.000000;1.000000;1.000000;0.111041;0.111041;0.004533;0.005129;0.000000;0.075603;0.075603;0.000000;0.075603;0.075603;0.000000;0.030228;0.030228
 All;  6;  5; 55.0000; 45.0000;  9219;     0;     0;  3207; 12426;0.002777;0.000000;0.002777;0.741912;1.000000;0.741912;1.000000;1.000000;1.000000;0.206047;0.206047;0.004533;0.005129;0.000000;0.075603;0.075603;0.000000;0.075603;0.075603;0.000000;0.056091;0.056091
 All;  6;  6; 55.0000; 55.0000; 11285;     0;     0;  1149; 12434;0.002777;0.000000;0.002777;0.907592;1.000000;0.907592;1.000000;1.000000;1.000000;0.252061;0.252061;0.004533;0.005129;0.000000;0.075603;0.075603;0.000000;0.075603;0.075603;0.000000;0.068617;0.068617
 All;  6;  7; 55.0000; 65.0000; 12433;     0;     0;     0; 12433;0.002777;0.000000;0.002777;1.000000;1.000000;1.000000;1.000000;1.000000;1.000000;0.277725;0.277725;0.004533;0.005129;0.000000;0.075603;0.075603;0.000000;0.075603;0.075603;0.000000;0.075603;0.075603
 All;  6;  8; 55.0000; 75.0000; 12433;     0;     0;     0; 12433;0.002777;0.000000;0.002777;1.000000;1.000000;1.000000;1.000000;1.000000;1.000000;0.277725;0.277725;0.004533;0.005129;0.000000;0.075603;0.075603;0.000000;0.075603;0.075603;0.000000;0.075603;0.075603
 All;  6;  9; 55.0000; 85.0000; 12433;     0;     0;     0; 12433;0.002777;0.000000;0.002777;1.000000;1.000000;1.000000;1.000000;1.000000;1.000000;0.277725;0.277725;0.004533;0.005129;0.000000;0.075603;0.075603;0.000000;0.075603;0.075603;0.000000;0.075603;0.075603
 All;  6; 10; 55.0000; 95.0000; 12434;     0;     0;     0; 12434;0.002777;0.000000;0.002777;1.000000;1.000000;1.000000;1.000000;1.000000;1.000000;0.277725;0.277725;0.004533;0.005129;0.009614;0.075603;0.085217;0.009614;0.075603;0.085217;0.009614;0.075603;0.085217
 All;  6; 11; 55.0000;105.0000; 12432;     0;     0;     0; 12432;0.002777;0.000000;0.002777;1.000000;1.000000;1.000000;1.000000;1.000000;1.000000;0.277725;0.277725;0.004533;0.005129;0.284049;0.075603;0.359652;0.284049;0.075603;0.359652;0.284049;0.075603;0.359652
 All;  6; 12; 55.0000;115.0000; 12432;     0;     0;     0; 12432;0.002777;0.000000;0.002777;1.000000;1.000000;1.000000;1.000000;1.000000;1.000000;0.277725;0.277725;0.004533;0.005129;0.269208;0.075603;0.344811;0.269208;0.075603;0.344811;0.269208;0.075603;0.344811
 All;  6; 13; 55.0000;125.0000; 11934;     0;     0;   504; 12438;0.002777;0.000000;0.002777;0.959479;1.000000;0.959479;0.954354;1.000000;0.954354;0.266471;0.266471;0.004533;0.005129;0.186493;0.075603;0.262096;0.186493;0.075603;0.262096;0.177980;0.072540;0.250520
 All;  6; 14; 55.0000;135.0000; 10433;     0;     0;  1993; 12426;0.002777;0.000000;0.002777;0.839610;1.000000;0.839610;0.855975;1.000000;0.855975;0.233181;0.233181;0.004533;0.005129;0.164014;0.075603;0.239617;0.164014;0.075603;0.239617;0.140391;0.063477;0.203869
 All;  6; 15; 55.0000;145.0000; 12181;     0;     0;   253; 12434;0.002777;0.000000;0.002777;0.979653;1.000000;0.979653;0.980908;1.000000;0.980908;0.272074;0.272074;0.004533;0.005129;0.155634;0.075603;0.231238;0.155634;0.075603;0.231238;0.152663;0.074065;0.226728
 All;  6; 16; 55.0000;155.0000; 12423;     0;     0;    10; 12433;0.002777;0.000000;0.002777;0.999196;1.000000;0.999196;0.998422;1.000000;0.998422;0.277502;0.277502;0.004533;0.005129;0.154095;0.075603;0.229698;0.154095;0.075603;0.229698;0.153852;0.075542;0.229394
 All;  6; 17; 55.0000;165.0000; 12433;     0;     0;     0; 12433;0.002777;0.000000;0.002777;1.000000;1.000000;1.000000;1.000000;1.000000;1.000000;0.277725;0.277725;0.004533;0.005129;0.152476;0.075603;0.228079;0.152476;0.075603;0.228079;0.152476;0.075603;0.228079
 All;  6; 18; 55.0000;175.0000; 12433;     0;     0;     0; 12433;0.002777;0.000000;0.002777;1.000000;1.000000;1.000000;1.000000;1.000000;1.000000;0.277725;0.277725;0.004533;0.005129;0.152955;0.075603;0.228558;0.152955;0.075603;0.228558;0.152955;0.075603;0.228558
 All;  6; 19; 55.0000;185.0000; 12434;     0;     0;     0; 12434;0.002777;0.000000;0.002777;1.000000;1.000000;1.000000;1.000000;1.000000;1.000000;0.277725;0.277725;0.004533;0.005129;0.151403;0.075603;0.227006;0.151403;0.075603;0.227006;0.151403;0.075603;0.227006
 All;  6; 20; 55.0000;195.0000; 12432;     0;     0;     0; 12432;0.002777;0.000000;0.002777;1.000000;1.000000;1.000000;1.000000;1.000000;1.000000;0.277725;0.277725;0.004533;0.005129;0.153505;0.075603;0.229108;0.153505;0.075603;0.229108;0.153505;0.075603;0.229108
 All;  6; 21; 55.0000;205.0000; 12432;     0;     0;     0; 12432;0.002777;0.000000;0.002777;1.000000;1.000000;1.000000;1.000000;1.000000;1.000000;0.277725;0.277725;0.004533;0.005129;0.153604;0.075603;0.229207;0.153604;0.075603;0.229207;0.153604;0.075603;0.229207
 All;  6; 22; 55.0000;215.0000; 12438;     0;     0;     0; 12438;0.002777;0.000000;0.002777;1.000000;1.000000;1.000000;1.000000;1.000000;1.000000;0.277725;0.277725;0.004533;0.005129;0.155881;0.075603;0.231484;0.155881;0.075603;0.231484;0.155881;0.075603;0.231484
 All;  6; 23; 55.0000;225.0000; 12426;     0;     0;     0; 12426;0.002777;0.000000;0.002777;1.000000;1.000000;1.000000;1.000000;1.000000;1.000000;0.277725;0.277725;0.004533;0.005129;0.164818;0.075603;0.240421;0.164818;0.075603;0.240421;0.164818;0.075603;0.240421
 All;  6; 24; 55.0000;235.0000; 12434;     0;     0;     0; 12434;0.002777;0.000000;0.002777;1.000000;1.000000;1.000000;1.000000;1.000000;1.000000;0.277725;0.277725;0.004533;0.005129;0.185359;0.075603;0.260962;0.185359;0.075603;0.260962;0.185359;0.075603;0.260962
 All;  6; 25; 55.0000;245.0000; 12433;     0;     0;     0; 12433;0.002777;0.000000;0.002777;1.000000;1.000000;1.000000;1.000000;1.000000;1.000000;0.277725;0.277725;0.004533;0.005129;0.265965;0.075603;0.341568;0.265965;0.075603;0.341568;0.265965;0.075603;0.341568
 All;  6; 26; 55.0000;255.0000; 12433;     0;     0;     0; 12433;0.002777;0.000000;0.002777;1.000000;1.000000;1.000000;1.000000;1.000000;1.000000;0.277725;0.277725;0.004533;0.005129;0.285638;0.075603;0.361241;0.285638;0.075603;0.361241;0.285638;0.075603;0.361241
 All;  6; 27; 55.0000;265.0000; 11709;     0;     0;   724; 12433;0.002777;0.000000;0.002777;0.941768;1.000000;0.941768;1.000000;1.000000;1.000000;0.261552;0.261552;0.004533;0.005129;0.007791;0.075603;0.083395;0.007791;0.075603;0.083395;0.007791;0.071201;0.078992
 All;  6; 28; 55.0000;275.0000;  8574;     0;     0;  3860; 12434;0.002777;0.000000;0.002777;0.689561;1.000000;0.689561;1.000000;1.000000;1.000000;0.191508;0.191508;0.004533;0.005129;0.000000;0.075603;0.075603;0.000000;0.075603;0.075603;0.000000;0.052133;0.052133
 All;  6; 29; 55.0000;285.0000;  2866;     0;     0;  9566; 12432;0.002777;0.000000;0.002777;0.230534;1.000000;0.230534;1.000000;1.000000;1.000000;0.064025;0.064025;0.004533;0.005129;0.000000;0.075603;0.075603;0.000000;0.075603;0.075603;0.000000;0.017429;0.017429
 All;  6; 30; 55.0000;295.0000;  3058;     0;     0;  9374; 12432;0.002777;0.000000;0.002777;0.245978;1.000000;0.245978;1.000000;1.000000;1.000000;0.068314;0.068314;0.004533;0.005129;0.000000;0.075603;0.075603;0.000000;0.075603;0.075603;0.000000;0.018597;0.018597
 All;  6; 31; 55.0000;305.0000;  1595;     0;     0; 10843; 12438;0.002777;0.000000;0.002777;0.128236;1.000000;0.128236;1.000000;1.000000;1.000000;0.035614;0.035614;0.004533;0.005129;0.000000;0.075603;0.075603;0.000000;0.075603;0.075603;0.000000;0.009695;0.009695
 All;  6; 32; 55.0000;315.0000;   181;     0;     0; 12245; 12426;0.002777;0.000000;0.002777;0.014566;1.000000;0.014566;1.000000;1.000000;1.000000;0.004045;0.004045;0.004533;0.005129;0.000000;0.075603;0.075603;0.000000;0.075603;0.075603;0.000000;0.001101;0.001101
 All;  6; 33; 55.0000;325.0000;    21;     0;     0; 12413; 12434;0.002777;0.000000;0.002777;0.001689;1.000000;0.001689;1.000000;1.000000;1.000000;0.000469;0.000469;0.004533;0.005129;0.000000;0.075603;0.075603;0.000000;0.075603;0.075603;0.000000;0.000128;0.000128
 All;  6; 34; 55.0000;335.0000;     2;     0;     0; 12431; 12433;0.002777;0.000000;0.002777;0.000161;1.000000;0.000161;1.000000;1.000000;1.000000;0.000045;0.000045;0.004533;0.005129;0.000000;0.075603;0.075603;0.000000;0.075603;0.075603;0.000000;0.000012;0.000012
 All;  6; 35; 55.0000;345.0000;   106;     0;     0; 12327; 12433;0.002777;0.000000;0.002777;0.008526;1.000000;0.008526;1.000000;1.000000;1.000000;0.002368;0.002368;0.004533;0.005129;0.000000;0.075603;0.075603;0.000000;0.075603;0.075603;0.000000;0.000645;0.000645
 All;  6; 36; 55.0000;355.0000;    50;     0;     0; 12383; 12433;0.002777;0.000000;0.002777;0.004022;1.000000;0.004022;1.000000;1.000000;1.000000;0.001117;0.001117;0.004533;0.005129;0.000000;0.075603;0.075603;0.000000;0.075603;0.075603;0.000000;0.000304;0.000304
 All;  7;  1; 65.0000;  5.0000;    91;     0;     0;  8791;  8882;0.002046;0.000000;0.002046;0.010245;1.000000;0.010245;1.000000;1.000000;1.000000;0.002097;0.002097;0.003695;0.004457;0.000000;0.061632;0.061632;0.000000;0.061632;0.061632;0.000000;0.000631;0.000631
 All;  7;  2; 65.0000; 15.0000;   318;     0;     0;  8566;  8884;0.002046;0.000000;0.002046;0.035795;1.000000;0.035795;1.000000;1.000000;1.000000;0.007325;0.007325;0.003695;0.004457;0.000000;0.061632;0.061632;0.000000;0.061632;0.061632;0.000000;0.002206;0.002206
 All;  7;  3; 65.0000; 25.0000;  3718;     0;     0;  5161;  8879;0.002046;0.000000;0.002046;0.418741;1.000000;0.418741;1.000000;1.000000;1.000000;0.085687;0.085687;0.003695;0.004457;0.000000;0.061632;0.061632;0.000000;0.061632;0.061632;0.000000;0.025808;0.025808
 All;  7;  4; 65.0000; 35.0000;  8377;     0;     0;   509;  8886;0.002046;0.000000;0.002046;0.942719;1.000000;0.942719;1.000000;1.000000;1.000000;0.192910;0.192910;0.003695;0.004457;0.000000;0.061632;0.061632;0.000000;0.061632;0.061632;0.000000;0.058102;0.058102
 All;  7;  5; 65.0000; 45.0000;  8876;     0;     0;     0;  8876;0.002046;0.000000;0.002046;1.000000;1.000000;1.000000;1.000000;1.000000;1.000000;0.204631;0.204631;0.003695;0.004457;0.000000;0.061632;0.061632;0.000000;0.061632;0.061632;0.000000;0.061632;0.061632
 All;  7;  6; 65.0000; 55.0000;  8881;     0;     0;     0;  8881;0.002046;0.000000;0.002046;1.000000;1.000000;1.000000;1.000000;1.000000;1.000000;0.204631;0.204631;0.003695;0.004457;0.000000;0.061632;0.061632;0.000000;0.061632;0.061632;0.000000;0.061632;0.061632
 All;  7;  7; 65.0000; 65.0000;  8880;     0;     0;     0;  8880;0.002046;0.000000;0.002046;1.000000;1.000000;1.000000;1.000000;1.000000;1.000000;0.204631;0.204631;0.003695;0.004457;0.000000;0.061632;0.061632;0.000000;0.061632;0.061632;0.000000;0.061632;0.061632
 All;  7;  8; 65.0000; 75.0000;  8885;     0;     0;     0;  8885;0.002046;0.000000;0.002046;1.000000;1.000000;1.000000;1.000000;1.000000;1.000000;0.204631;0.204631;0.003695;0.004457;0.000000;0.061632;0.061632;0.000000;0.061632;0.061632;0.000000;0.061632;0.061632
 All;  7;  9; 65.0000; 85.0000;  8890;     0;     0;     0;  8890;0.002046;0.000000;0.002046;1.000000;1.000000;1.000000;1.000000;1.000000;1.000000;0.204631;0.204631;0.003695;0.004457;0.000000;0.061632;0.061632;0.000000;0.061632;0.061632;0.000000;0.061632;0.061632
 All;  7; 10; 65.0000; 95.0000;  8882;     0;     0;     0;  8882;0.002046;0.000000;0.002046;1.000000;1.000000;1.000000;1.000000;1.000000;1.000000;0.204631;0.204631;0.003695;0.004457;0.000000;0.061632;0.061632;0.000000;0.061632;0.061632;0.000000;0.061632;0.061632
 All;  7; 11; 65.0000;105.0000;  8884;     0;     0;     0;  8884;0.002046;0.000000;0.002046;1.000000;1.000000;1.000000;1.000000;1.000000;1.000000;0.204631;0.204631;0.003695;0.004457;0.000000;0.061632;0.061632;0.000000;0.061632;0.061632;0.000000;0.061632;0.061632
 All;  7; 12; 65.0000;115.0000;  8879;     0;     0;     0;  8879;0.002046;0.000000;0.002046;1.000000;1.000000;1.000000;1.000000;1.000000;1.000000;0.204631;0.204631;0.003695;0.004457;0.146988;0.061632;0.208620;0.146988;0.061632;0.208620;0.146988;0.061632;0.208620
 All;  7; 13; 65.0000;125.0000;  8886;     0;     0;     0;  8886;0.002046;0.000000;0.002046;1.000000;1.000000;1.000000;1.000000;1.000000;1.000000;0.204631;0.204631;0.003695;0.004457;0.258284;0.061632;0.319917;0.258284;0.061632;0.319917;0.258284;0.061632;0.319917
 All;  7; 14; 65.0000;135.0000;  8876;     0;     0;     0;  8876;0.002046;0.000000;0.002046;1.000000;1.000000;1.000000;1.000000;1.000000;1.000000;0.204631;0.204631;0.003695;0.004457;0.252365;0.061632;0.313997;0.252365;0.061632;0.313997;0.252365;0.061632;0.313997
 All;  7; 15; 65.0000;145.0000;  8881;     0;     0;     0;  8881;0.002046;0.000000;0.002046;1.000000;1.000000;1.000000;1.000000;1.000000;1.000000;0.204631;0.204631;0.003695;0.004457;0.185652;0.061632;0.247284;0.185652;0.061632;0.247284;0.185652;0.061632;0.247284
 All;  7; 16; 65.0000;155.0000;  8879;     0;     0;     1;  8880;0.002046;0.000000;0.002046;0.999887;1.000000;0.999887;1.000000;1.000000;1.000000;0.204608;0.204608;0.003695;0.004457;0.165910;0.061632;0.227543;0.165910;0.061632;0.227543;0.165910;0.061625;0.227536
 All;  7; 17; 65.0000;165.0000;  8885;     0;     0;     0;  8885;0.002046;0.000000;0.002046;1.000000;1.000000;1.000000;1.000000;1.000000;1.000000;0.204631;0.204631;0.003695;0.004457;0.156103;0.061632;0.217735;0.156103;0.061632;0.217735;0.156103;0.061632;0.217735
 All;  7; 18; 65.0000;175.0000;  8889;     0;     0;     1;  8890;0.002046;0.000000;0.002046;0.999888;1.000000;0.999888;1.000000;1.000000;1.000000;0.204608;0.204608;0.003695;0.004457;0.152163;0.061632;0.213795;0.152163;0.061632;0.213795;0.152163;0.061625;0.213788
 All;  7; 19; 65.0000;185.0000;  8882;     0;     0;     0;  8882;0.002046;0.000000;0.002046;1.000000;1.000000;1.000000;1.000000;1.000000;1.000000;0.204631;0.204631;0.003695;0.004457;0.152728;0.061632;0.214360;0.152728;0.061632;0.214360;0.152728;0.061632;0.214360
 All;  7; 20; 65.0000;195.0000;  8884;     0;     0;     0;  8884;0.002046;0.000000;0.002046;1.000000;1.000000;1.000000;1.000000;1.000000;1.000000;0.204631;0.204631;0.003695;0.004457;0.156105;0.061632;0.217738;0.156105;0.061632;0.217738;0.156105;0.061632;0.217738
 All;  7; 21; 65.0000;205.0000;  8878;     0;     0;     1;  8879;0.002046;0.000000;0.002046;0.999887;1.000000;0.999887;1.000000;1.000000;1.000000;0.204608;0.204608;0.003695;0.004457;0.165080;0.061632;0.226712;0.165080;0.061632;0.226712;0.165080;0.061625;0.226705
 All;  7; 22; 65.0000;215.0000;  8885;     0;     0;     1;  8886;0.002046;0.000000;0.002046;0.999887;1.000000;0.999887;1.000000;1.000000;1.000000;0.204608;0.204608;0.003695;0.004457;0.187283;0.061632;0.248915;0.187283;0.061632;0.248915;0.187283;0.061625;0.248908
 All;  7; 23; 65.0000;225.0000;  8875;     0;     0;     1;  8876;0.002046;0.000000;0.002046;0.999887;1.000000;0.999887;1.000000;1.000000;1.000000;0.204608;0.204608;0.003695;0.004457;0.252937;0.061632;0.314570;0.252937;0.061632;0.314570;0.252937;0.061625;0.314563
 All;  7; 24; 65.0000;235.0000;  8864;     0;     0;    17;  8881;0.002046;0.000000;0.002046;0.998086;1.000000;0.998086;0.997942;1.000000;0.997942;0.204239;0.204239;0.003695;0.004457;0.258513;0.061632;0.320146;0.258513;0.061632;0.320146;0.257981;0.061514;0.319496
 All;  7; 25; 65.0000;245.0000;  8880;     0;     0;     0;  8880;0.002046;0.000000;0.002046;1.000000;1.000000;1.000000;1.000000;1.000000;1.000000;0.204631;0.204631;0.003695;0.004457;0.148509;0.061632;0.210142;0.148509;0.061632;0.210142;0.148509;0.061632;0.210142
 All;  7; 26; 65.0000;255.0000;  8885;     0;     0;     0;  8885;0.002046;0.000000;0.002046;1.000000;1.000000;1.000000;1.000000;1.000000;1.000000;0.204631;0.204631;0.003695;0.004457;0.000000;0.061632;0.061632;0.000000;0.061632;0.061632;0.000000;0.061632;0.061632
 All;  7; 27; 65.0000;265.0000;  8890;     0;     0;     0;  8890;0.002046;0.000000;0.002046;1.000000;1.000000;1.000000;1.000000;1.000000;1.000000;0.204631;0.204631;0.003695;0.004457;0.000000;0.061632;0.061632;0.000000;0.061632;0.061632;0.000000;0.061632;0.061632
 All;  7; 28; 65.0000;275.0000;  6312;     0;     0;  2570;  8882;0.002046;0.000000;0.002046;0.710651;1.000000;0.710651;1.000000;1.000000;1.000000;0.145421;0.145421;0.003695;0.004457;0.000000;0.061632;0.061632;0.000000;0.061632;0.061632;0.000000;0.043799;0.043799
 All;  7; 29; 65.0000;285.0000;   267;     0;     0;  8617;  8884;0.002046;0.000000;0.002046;0.030054;1.000000;0.030054;1.000000;1.000000;1.000000;0.006150;0.006150;0.003695;0.004457;0.000000;0.061632;0.061632;0.000000;0.061632;0.061632;0.000000;0.001852;0.001852
 All;  7; 30; 65.0000;295.0000;   286;     0;     0;  8593;  8879;0.002046;0.000000;0.002046;0.032211;1.000000;0.032211;1.000000;1.000000;1.000000;0.006591;0.006591;0.003695;0.004457;0.000000;0.061632;0.061632;0.000000;0.061632;0.061632;0.000000;0.001985;0.001985
 All;  7; 31; 65.0000;305.0000;  1182;     0;     0;  7704;  8886;0.002046;0.000000;0.002046;0.133018;1.000000;0.133018;1.000000;1.000000;1.000000;0.027220;0.027220;0.003695;0.004457;0.000000;0.061632;0.061632;0.000000;0.061632;0.061632;0.000000;0.008198;0.008198
 All;  7; 32; 65.0000;315.0000;  1302;     0;     0;  7574;  8876;0.002046;0.000000;0.002046;0.146688;1.000000;0.146688;1.000000;1.000000;1.000000;0.030017;0.030017;0.003695;0.004457;0.000000;0.061632;0.061632;0.000000;0.061632;0.061632;0.000000;0.009041;0.009041
 All;  7; 33; 65.0000;325.0000;   984;     0;     0;  7897;  8881;0.002046;0.000000;0.002046;0.110798;1.000000;0.110798;1.000000;1.000000;1.000000;0.022673;0.022673;0.003695;0.004457;0.000000;0.061632;0.061632;0.000000;0.061632;0.061632;0.000000;0.006829;0.006829
 All;  7; 34; 65.0000;335.0000;  1011;     0;     0;  7869;  8880;0.002046;0.000000;0.002046;0.113851;1.000000;0.113851;1.000000;1.000000;1.000000;0.023298;0.023298;0.003695;0.004457;0.000000;0.061632;0.061632;0.000000;0.061632;0.061632;0.000000;0.007017;0.007017
 All;  7; 35; 65.0000;345.0000;   120;     0;     0;  8765;  8885;0.002046;0.000000;0.002046;0.013506;1.000000;0.013506;1.000000;1.000000;1.000000;0.002764;0.002764;0.003695;0.004457;0.000000;0.061632;0.061632;0.000000;0.061632;0.061632;0.000000;0.000832;0.000832
 All;  7; 36; 65.0000;355.0000;    97;     0;     0;  8793;  8890;0.002046;0.000000;0.002046;0.010911;1.000000;0.010911;1.000000;1.000000;1.000000;0.002233;0.002233;0.003695;0.004457;0.000000;0.061632;0.061632;0.000000;0.061632;0.061632;0.000000;0.000672;0.000672
 All;  8;  1; 75.0000;  5.0000;  2935;     0;     0;  2392;  5327;0.001253;0.000000;0.001253;0.550967;1.000000;0.550967;1.000000;1.000000;1.000000;0.069047;0.069047;0.002412;0.003033;0.000000;0.040228;0.040228;0.000000;0.040228;0.040228;0.000000;0.022164;0.022164
 All;  8;  2; 75.0000; 15.0000;  2085;     0;     0;  3244;  5329;0.001253;0.000000;0.001253;0.391255;1.000000;0.391255;1.000000;1.000000;1.000000;0.049032;0.049032;0.002412;0.003033;0.000000;0.040228;0.040228;0.000000;0.040228;0.040228;0.000000;0.015739;0.015739
 All;  8;  3; 75.0000; 25.0000;  3120;     0;     0;  2212;  5332;0.001253;0.000000;0.001253;0.585146;1.000000;0.585146;1.000000;1.000000;1.000000;0.073330;0.073330;0.002412;0.003033;0.000000;0.040228;0.040228;0.000000;0.040228;0.040228;0.000000;0.023539;0.023539
 All;  8;  4; 75.0000; 35.0000;  3616;     0;     0;  1703;  5319;0.001253;0.000000;0.001253;0.679827;1.000000;0.679827;1.000000;1.000000;1.000000;0.085196;0.085196;0.002412;0.003033;0.000000;0.040228;0.040228;0.000000;0.040228;0.040228;0.000000;0.027348;0.027348
 All;  8;  5; 75.0000; 45.0000;  5055;     0;     0;   289;  5344;0.001253;0.000000;0.001253;0.945921;1.000000;0.945921;1.000000;1.000000;1.000000;0.118543;0.118543;0.002412;0.003033;0.000000;0.040228;0.040228;0.000000;0.040228;0.040228;0.000000;0.038052;0.038052
 All;  8;  6; 75.0000; 55.0000;  5330;     0;     0;     0;  5330;0.001253;0.000000;0.001253;1.000000;1.000000;1.000000;1.000000;1.000000;1.000000;0.125320;0.125320;0.002412;0.003033;0.000000;0.040228;0.040228;0.000000;0.040228;0.040228;0.000000;0.040228;0.040228
 All;  8;  7; 75.0000; 65.0000;  5327;     0;     0;     3;  5330;0.001253;0.000000;0.001253;0.999437;1.000000;0.999437;1.000000;1.000000;1.000000;0.125249;0.125249;0.002412;0.003033;0.000000;0.040228;0.040228;0.000000;0.040228;0.040228;0.000000;0.040205;0.040205
 All;  8;  8; 75.0000; 75.0000;  5326;     0;     0;     0;  5326;0.001253;0.000000;0.001253;1.000000;1.000000;1.000000;1.000000;1.000000;1.000000;0.125320;0.125320;0.002412;0.003033;0.000000;0.040228;0.040228;0.000000;0.040228;0.040228;0.000000;0.040228;0.040228
 All;  8;  9; 75.0000; 85.0000;  5322;     0;     0;     0;  5322;0.001253;0.000000;0.001253;1.000000;1.000000;1.000000;1.000000;1.000000;1.000000;0.125320;0.125320;0.002412;0.003033;0.000000;0.040228;0.040228;0.000000;0.040228;0.040228;0.000000;0.040228;0.040228
 All;  8; 10; 75.0000; 95.0000;  5327;     0;     0;     0;  5327;0.001253;0.000000;0.001253;1.000000;1.000000;1.000000;1.000000;1.000000;1.000000;0.125320;0.125320;0.002412;0.003033;0.000000;0.040228;0.040228;0.000000;0.040228;0.040228;0.000000;0.040228;0.040228
 All;  8; 11; 75.0000;105.0000;  5329;     0;     0;     0;  5329;0.001253;0.000000;0.001253;1.000000;1.000000;1.000000;1.000000;1.000000;1.000000;0.125320;0.125320;0.002412;0.003033;0.000000;0.040228;0.040228;0.000000;0.040228;0.040228;0.000000;0.040228;0.040228
 All;  8; 12; 75.0000;115.0000;  5332;     0;     0;     0;  5332;0.001253;0.000000;0.001253;1.000000;1.000000;1.000000;1.000000;1.000000;1.000000;0.125320;0.125320;0.002412;0.003033;0.000000;0.040228;0.040228;0.000000;0.040228;0.040228;0.000000;0.040228;0.040228
 All;  8; 13; 75.0000;125.0000;  5318;     0;     0;     1;  5319;0.001253;0.000000;0.001253;0.999812;1.000000;0.999812;1.000000;1.000000;1.000000;0.125296;0.125296;0.002412;0.003033;0.000000;0.040228;0.040228;0.000000;0.040228;0.040228;0.000000;0.040220;0.040220
 All;  8; 14; 75.0000;135.0000;  5343;     0;     0;     1;  5344;0.001253;0.000000;0.001253;0.999813;1.000000;0.999813;1.000000;1.000000;1.000000;0.125296;0.125296;0.002412;0.003033;0.034160;0.040228;0.074388;0.034160;0.040228;0.074388;0.034160;0.040220;0.074380
 All;  8; 15; 75.0000;145.0000;  5322;     0;     0;     8;  5330;0.001253;0.000000;0.001253;0.998499;1.000000;0.998499;1.000000;1.000000;1.000000;0.125132;0.125132;0.002412;0.003033;0.105520;0.040228;0.145747;0.105520;0.040228;0.145747;0.105520;0.040167;0.145687
 All;  8; 16; 75.0000;155.0000;  5327;     0;     0;     3;  5330;0.001253;0.000000;0.001253;0.999437;1.000000;0.999437;1.000000;1.000000;1.000000;0.125249;0.125249;0.002412;0.003033;0.124049;0.040228;0.164276;0.124049;0.040228;0.164276;0.124049;0.040205;0.164254
 All;  8; 17; 75.0000;165.0000;  5308;     0;     0;    18;  5326;0.001253;0.000000;0.001253;0.996620;1.000000;0.996620;1.000000;1.000000;1.000000;0.124896;0.124896;0.002412;0.003033;0.134074;0.040228;0.174302;0.134074;0.040228;0.174302;0.134074;0.040092;0.174166
 All;  8; 18; 75.0000;175.0000;  5318;     0;     0;     4;  5322;0.001253;0.000000;0.001253;0.999248;1.000000;0.999248;1.000000;1.000000;1.000000;0.125226;0.125226;0.002412;0.003033;0.136681;0.040228;0.176909;0.136681;0.040228;0.176909;0.136681;0.040197;0.176879
 All;  8; 19; 75.0000;185.0000;  5302;     0;     0;    25;  5327;0.001253;0.000000;0.001253;0.995307;1.000000;0.995307;0.997910;1.000000;0.997910;0.124732;0.124732;0.002412;0.003033;0.136965;0.040228;0.177193;0.136965;0.040228;0.177193;0.136679;0.040039;0.176718
 All;  8; 20; 75.0000;195.0000;  5312;     0;     0;    17;  5329;0.001253;0.000000;0.001253;0.996810;1.000000;0.996810;0.995718;1.000000;0.995718;0.124920;0.124920;0.002412;0.003033;0.133498;0.040228;0.173725;0.133498;0.040228;0.173725;0.132926;0.040099;0.173025
 All;  8; 21; 75.0000;205.0000;  5303;     0;     0;    29;  5332;0.001253;0.000000;0.001253;0.994561;1.000000;0.994561;0.990918;1.000000;0.990918;0.124638;0.124638;0.002412;0.003033;0.125464;0.040228;0.165692;0.125464;0.040228;0.165692;0.124325;0.040009;0.164334
 All;  8; 22; 75.0000;215.0000;  5308;     0;     0;    11;  5319;0.001253;0.000000;0.001253;0.997932;1.000000;0.997932;1.000000;1.000000;1.000000;0.125061;0.125061;0.002412;0.003033;0.105510;0.040228;0.145738;0.105510;0.040228;0.145738;0.105510;0.040144;0.145655
 All;  8; 23; 75.0000;225.0000;  5333;     0;     0;    11;  5344;0.001253;0.000000;0.001253;0.997942;1.000000;0.997942;1.000000;1.000000;1.000000;0.125062;0.125062;0.002412;0.003033;0.031929;0.040228;0.072157;0.031929;0.040228;0.072157;0.031929;0.040145;0.072074
 All;  8; 24; 75.0000;235.0000;  5314;     0;     0;    16;  5330;0.001253;0.000000;0.001253;0.996998;1.000000;0.996998;1.000000;1.000000;1.000000;0.124944;0.124944;0.002412;0.003033;0.000000;0.040228;0.040228;0.000000;0.040228;0.040228;0.000000;0.040107;0.040107
 All;  8; 25; 75.0000;245.0000;  5308;     0;     0;    22;  5330;0.001253;0.000000;0.001253;0.995872;1.000000;0.995872;1.000000;1.000000;1.000000;0.124803;0.124803;0.002412;0.003033;0.000000;0.040228;0.040228;0.000000;0.040228;0.040228;0.000000;0.040062;0.040062
 All;  8; 26; 75.0000;255.0000;  5319;     0;     0;     7;  5326;0.001253;0.000000;0.001253;0.998686;1.000000;0.998686;1.000000;1.000000;1.000000;0.125155;0.125155;0.002412;0.003033;0.000000;0.040228;0.040228;0.000000;0.040228;0.040228;0.000000;0.040175;0.040175
 All;  8; 27; 75.0000;265.0000;  4864;     0;     0;   458;  5322;0.001253;0.000000;0.001253;0.913942;1.000000;0.913942;1.000000;1.000000;1.000000;0.114535;0.114535;0.002412;0.003033;0.000000;0.040228;0.040228;0.000000;0.040228;0.040228;0.000000;0.036766;0.036766
 All;  8; 28; 75.0000;275.0000;  3243;     0;     0;  2084;  5327;0.001253;0.000000;0.001253;0.608785;1.000000;0.608785;1.000000;1.000000;1.000000;0.076293;0.076293;0.002412;0.003033;0.000000;0.040228;0.040228;0.000000;0.040228;0.040228;0.000000;0.024490;0.024490
 All;  8; 29; 75.0000;285.0000;  2612;     0;     0;  2717;  5329;0.001253;0.000000;0.001253;0.490148;1.000000;0.490148;1.000000;1.000000;1.000000;0.061425;0.061425;0.002412;0.003033;0.000000;0.040228;0.040228;0.000000;0.040228;0.040228;0.000000;0.019717;0.019717
 All;  8; 30; 75.0000;295.0000;  2713;     0;     0;  2619;  5332;0.001253;0.000000;0.001253;0.508815;1.000000;0.508815;1.000000;1.000000;1.000000;0.063765;0.063765;0.002412;0.003033;0.000000;0.040228;0.040228;0.000000;0.040228;0.040228;0.000000;0.020468;0.020468
 All;  8; 31; 75.0000;305.0000;  2735;     0;     0;  2584;  5319;0.001253;0.000000;0.001253;0.514194;1.000000;0.514194;1.000000;1.000000;1.000000;0.064439;0.064439;0.002412;0.003033;0.000000;0.040228;0.040228;0.000000;0.040228;0.040228;0.000000;0.020685;0.020685
 All;  8; 32; 75.0000;315.0000;  3976;     0;     0;  1368;  5344;0.001253;0.000000;0.001253;0.744012;1.000000;0.744012;1.000000;1.000000;1.000000;0.093239;0.093239;0.002412;0.003033;0.000000;0.040228;0.040228;0.000000;0.040228;0.040228;0.000000;0.029930;0.029930
 All;  8; 33; 75.0000;325.0000;  5294;     0;     0;    36;  5330;0.001253;0.000000;0.001253;0.993246;1.000000;0.993246;1.000000;1.000000;1.000000;0.124473;0.124473;0.002412;0.003033;0.000000;0.040228;0.040228;0.000000;0.040228;0.040228;0.000000;0.039956;0.039956
 All;  8; 34; 75.0000;335.0000;  5264;     0;     0;    66;  5330;0.001253;0.000000;0.001253;0.987617;1.000000;0.987617;1.000000;1.000000;1.000000;0.123768;0.123768;0.002412;0.003033;0.000000;0.040228;0.040228;0.000000;0.040228;0.040228;0.000000;0.039729;0.039729
 All;  8; 35; 75.0000;345.0000;  3956;     0;     0;  1370;  5326;0.001253;0.000000;0.001253;0.742771;1.000000;0.742771;1.000000;1.000000;1.000000;0.093084;0.093084;0.002412;0.003033;0.000000;0.040228;0.040228;0.000000;0.040228;0.040228;0.000000;0.029880;0.029880
 All;  8; 36; 75.0000;355.0000;  3698;     0;     0;  1624;  5322;0.001253;0.000000;0.001253;0.694852;1.000000;0.694852;1.000000;1.000000;1.000000;0.087079;0.087079;0.002412;0.003033;0.000000;0.040228;0.040228;0.000000;0.040228;0.040228;0.000000;0.027952;0.027952
 All;  9;  1; 85.0000;  5.0000;  1767;     0;     0;    11;  1778;0.000422;0.000000;0.000422;0.993813;1.000000;0.993813;1.000000;1.000000;1.000000;0.041940;0.041940;0.000838;0.001075;0.000000;0.013971;0.013971;0.000000;0.013971;0.013971;0.000000;0.013884;0.013884
 All;  9;  2; 85.0000; 15.0000;  1757;     0;     0;    18;  1775;0.000422;0.000000;0.000422;0.989859;1.000000;0.989859;1.000000;1.000000;1.000000;0.041773;0.041773;0.000838;0.001075;0.000000;0.013971;0.013971;0.000000;0.013971;0.013971;0.000000;0.013829;0.013829
 All;  9;  3; 85.0000; 25.0000;  1773;     0;     0;     3;  1776;0.000422;0.000000;0.000422;0.998311;1.000000;0.998311;1.000000;1.000000;1.000000;0.042129;0.042129;0.000838;0.001075;0.000000;0.013971;0.013971;0.000000;0.013971;0.013971;0.000000;0.013947;0.013947
 All;  9;  4; 85.0000; 35.0000;  1784;     0;     0;    21;  1805;0.000422;0.000000;0.000422;0.988366;1.000000;0.988366;1.000000;1.000000;1.000000;0.041710;0.041710;0.000838;0.001075;0.000000;0.013971;0.013971;0.000000;0.013971;0.013971;0.000000;0.013808;0.013808
 All;  9;  5; 85.0000; 45.0000;  1743;     0;     0;     2;  1745;0.000422;0.000000;0.000422;0.998854;1.000000;0.998854;1.000000;1.000000;1.000000;0.042152;0.042152;0.000838;0.001075;0.000000;0.013971;0.013971;0.000000;0.013971;0.013971;0.000000;0.013955;0.013955
 All;  9;  6; 85.0000; 55.0000;  1775;     0;     0;     1;  1776;0.000422;0.000000;0.000422;0.999437;1.000000;0.999437;1.000000;1.000000;1.000000;0.042177;0.042177;0.000838;0.001075;0.000000;0.013971;0.013971;0.000000;0.013971;0.013971;0.000000;0.013963;0.013963
 All;  9;  7; 85.0000; 65.0000;  1776;     0;     0;     1;  1777;0.000422;0.000000;0.000422;0.999437;1.000000;0.999437;1.000000;1.000000;1.000000;0.042177;0.042177;0.000838;0.001075;0.000000;0.013971;0.013971;0.000000;0.013971;0.013971;0.000000;0.013963;0.013963
 All;  9;  8; 85.0000; 75.0000;  1777;     0;     0;     0;  1777;0.000422;0.000000;0.000422;1.000000;1.000000;1.000000;1.000000;1.000000;1.000000;0.042201;0.042201;0.000838;0.001075;0.000000;0.013971;0.013971;0.000000;0.013971;0.013971;0.000000;0.013971;0.013971
 All;  9;  9; 85.0000; 85.0000;  1776;     0;     0;     0;  1776;0.000422;0.000000;0.000422;1.000000;1.000000;1.000000;1.000000;1.000000;1.000000;0.042201;0.042201;0.000838;0.001075;0.000000;0.013971;0.013971;0.000000;0.013971;0.013971;0.000000;0.013971;0.013971
 All;  9; 10; 85.0000; 95.0000;  1777;     0;     0;     1;  1778;0.000422;0.000000;0.000422;0.999438;1.000000;0.999438;1.000000;1.000000;1.000000;0.042177;0.042177;0.000838;0.001075;0.000000;0.013971;0.013971;0.000000;0.013971;0.013971;0.000000;0.013963;0.013963
 All;  9; 11; 85.0000;105.0000;  1774;     0;     0;     1;  1775;0.000422;0.000000;0.000422;0.999437;1.000000;0.999437;1.000000;1.000000;1.000000;0.042177;0.042177;0.000838;0.001075;0.000000;0.013971;0.013971;0.000000;0.013971;0.013971;0.000000;0.013963;0.013963
 All;  9; 12; 85.0000;115.0000;  1774;     0;     0;     2;  1776;0.000422;0.000000;0.000422;0.998874;1.000000;0.998874;1.000000;1.000000;1.000000;0.042153;0.042153;0.000838;0.001075;0.000000;0.013971;0.013971;0.000000;0.013971;0.013971;0.000000;0.013955;0.013955
 All;  9; 13; 85.0000;125.0000;  1804;     0;     0;     1;  1805;0.000422;0.000000;0.000422;0.999446;1.000000;0.999446;1.000000;1.000000;1.000000;0.042177;0.042177;0.000838;0.001075;0.000000;0.013971;0.013971;0.000000;0.013971;0.013971;0.000000;0.013963;0.013963
 All;  9; 14; 85.0000;135.0000;  1739;     0;     0;     6;  1745;0.000422;0.000000;0.000422;0.996562;1.000000;0.996562;1.000000;1.000000;1.000000;0.042056;0.042056;0.000838;0.001075;0.000000;0.013971;0.013971;0.000000;0.013971;0.013971;0.000000;0.013923;0.013923
 All;  9; 15; 85.0000;145.0000;  1765;     0;     0;    11;  1776;0.000422;0.000000;0.000422;0.993806;1.000000;0.993806;1.000000;1.000000;1.000000;0.041939;0.041939;0.000838;0.001075;0.000000;0.013971;0.013971;0.000000;0.013971;0.013971;0.000000;0.013884;0.013884
 All;  9; 16; 85.0000;155.0000;  1762;     0;     0;    15;  1777;0.000422;0.000000;0.000422;0.991559;1.000000;0.991559;1.000000;1.000000;1.000000;0.041844;0.041844;0.000838;0.001075;0.000000;0.013971;0.013971;0.000000;0.013971;0.013971;0.000000;0.013853;0.013853
 All;  9; 17; 85.0000;165.0000;  1764;     0;     0;    13;  1777;0.000422;0.000000;0.000422;0.992684;1.000000;0.992684;1.000000;1.000000;1.000000;0.041892;0.041892;0.000838;0.001075;0.000000;0.013971;0.013971;0.000000;0.013971;0.013971;0.000000;0.013869;0.013869
 All;  9; 18; 85.0000;175.0000;  1768;     0;     0;     8;  1776;0.000422;0.000000;0.000422;0.995495;1.000000;0.995495;1.000000;1.000000;1.000000;0.042011;0.042011;0.000838;0.001075;0.000000;0.013971;0.013971;0.000000;0.013971;0.013971;0.000000;0.013908;0.013908
 All;  9; 19; 85.0000;185.0000;  1768;     0;     0;    10;  1778;0.000422;0.000000;0.000422;0.994376;1.000000;0.994376;1.000000;1.000000;1.000000;0.041963;0.041963;0.000838;0.001075;0.000000;0.013971;0.013971;0.000000;0.013971;0.013971;0.000000;0.013892;0.013892
 All;  9; 20; 85.0000;195.0000;  1770;     0;     0;     5;  1775;0.000422;0.000000;0.000422;0.997183;1.000000;0.997183;1.000000;1.000000;1.000000;0.042082;0.042082;0.000838;0.001075;0.000000;0.013971;0.013971;0.000000;0.013971;0.013971;0.000000;0.013932;0.013932
 All;  9; 21; 85.0000;205.0000;  1772;     0;     0;     4;  1776;0.000422;0.000000;0.000422;0.997748;1.000000;0.997748;1.000000;1.000000;1.000000;0.042106;0.042106;0.000838;0.001075;0.000000;0.013971;0.013971;0.000000;0.013971;0.013971;0.000000;0.013939;0.013939
 All;  9; 22; 85.0000;215.0000;  1805;     0;     0;     0;  1805;0.000422;0.000000;0.000422;1.000000;1.000000;1.000000;1.000000;1.000000;1.000000;0.042201;0.042201;0.000838;0.001075;0.000000;0.013971;0.013971;0.000000;0.013971;0.013971;0.000000;0.013971;0.013971
 All;  9; 23; 85.0000;225.0000;  1745;     0;     0;     0;  1745;0.000422;0.000000;0.000422;1.000000;1.000000;1.000000;1.000000;1.000000;1.000000;0.042201;0.042201;0.000838;0.001075;0.000000;0.013971;0.013971;0.000000;0.013971;0.013971;0.000000;0.013971;0.013971
 All;  9; 24; 85.0000;235.0000;  1776;     0;     0;     0;  1776;0.000422;0.000000;0.000422;1.000000;1.000000;1.000000;1.000000;1.000000;1.000000;0.042201;0.042201;0.000838;0.001075;0.000000;0.013971;0.013971;0.000000;0.013971;0.013971;0.000000;0.013971;0.013971
 All;  9; 25; 85.0000;245.0000;  1777;     0;     0;     0;  1777;0.000422;0.000000;0.000422;1.000000;1.000000;1.000000;1.000000;1.000000;1.000000;0.042201;0.042201;0.000838;0.001075;0.000000;0.013971;0.013971;0.000000;0.013971;0.013971;0.000000;0.013971;0.013971
 All;  9; 26; 85.0000;255.0000;  1777;     0;     0;     0;  1777;0.000422;0.000000;0.000422;1.000000;1.000000;1.000000;1.000000;1.000000;1.000000;0.042201;0.042201;0.000838;0.001075;0.000000;0.013971;0.013971;0.000000;0.013971;0.013971;0.000000;0.013971;0.013971
 All;  9; 27; 85.0000;265.0000;  1776;     0;     0;     0;  1776;0.000422;0.000000;0.000422;1.000000;1.000000;1.000000;1.000000;1.000000;1.000000;0.042201;0.042201;0.000838;0.001075;0.000000;0.013971;0.013971;0.000000;0.013971;0.013971;0.000000;0.013971;0.013971
 All;  9; 28; 85.0000;275.0000;  1778;     0;     0;     0;  1778;0.000422;0.000000;0.000422;1.000000;1.000000;1.000000;1.000000;1.000000;1.000000;0.042201;0.042201;0.000838;0.001075;0.000000;0.013971;0.013971;0.000000;0.013971;0.013971;0.000000;0.013971;0.013971
 All;  9; 29; 85.0000;285.0000;  1774;     0;     0;     1;  1775;0.000422;0.000000;0.000422;0.999437;1.000000;0.999437;1.000000;1.000000;1.000000;0.042177;0.042177;0.000838;0.001075;0.000000;0.013971;0.013971;0.000000;0.013971;0.013971;0.000000;0.013963;0.013963
 All;  9; 30; 85.0000;295.0000;  1775;     0;     0;     1;  1776;0.000422;0.000000;0.000422;0.999437;1.000000;0.999437;1.000000;1.000000;1.000000;0.042177;0.042177;0.000838;0.001075;0.000000;0.013971;0.013971;0.000000;0.013971;0.013971;0.000000;0.013963;0.013963
 All;  9; 31; 85.0000;305.0000;  1801;     0;     0;     4;  1805;0.000422;0.000000;0.000422;0.997784;1.000000;0.997784;1.000000;1.000000;1.000000;0.042107;0.042107;0.000838;0.001075;0.000000;0.013971;0.013971;0.000000;0.013971;0.013971;0.000000;0.013940;0.013940
 All;  9; 32; 85.0000;315.0000;  1731;     0;     0;    14;  1745;0.000422;0.000000;0.000422;0.991977;1.000000;0.991977;1.000000;1.000000;1.000000;0.041862;0.041862;0.000838;0.001075;0.000000;0.013971;0.013971;0.000000;0.013971;0.013971;0.000000;0.013859;0.013859
 All;  9; 33; 85.0000;325.0000;  1750;     0;     0;    26;  1776;0.000422;0.000000;0.000422;0.985360;1.000000;0.985360;1.000000;1.000000;1.000000;0.041583;0.041583;0.000838;0.001075;0.000000;0.013971;0.013971;0.000000;0.013971;0.013971;0.000000;0.013766;0.013766
 All;  9; 34; 85.0000;335.0000;  1741;     0;     0;    36;  1777;0.000422;0.000000;0.000422;0.979741;1.000000;0.979741;1.000000;1.000000;1.000000;0.041346;0.041346;0.000838;0.001075;0.000000;0.013971;0.013971;0.000000;0.013971;0.013971;0.000000;0.013688;0.013688
 All;  9; 35; 85.0000;345.0000;  1754;     0;     0;    23;  1777;0.000422;0.000000;0.000422;0.987057;1.000000;0.987057;1.000000;1.000000;1.000000;0.041654;0.041654;0.000838;0.001075;0.000000;0.013971;0.013971;0.000000;0.013971;0.013971;0.000000;0.013790;0.013790
 All;  9; 36; 85.0000;355.0000;  1751;     0;     0;    25;  1776;0.000422;0.000000;0.000422;0.985923;1.000000;0.985923;1.000000;1.000000;1.000000;0.041607;0.041607;0.000838;0.001075;0.000000;0.013971;0.013971;0.000000;0.013971;0.013971;0.000000;0.013774;0.013774
